name	len	score	pvalue
Bacteria_NODE_19_length_593956_cov_66.904838	593956	0.7688655853271484	0.027909962988141097
Bacteria_NODE_10_length_758672_cov_37.249983	758672	0.9519709944725037	0.013407357051136793
Bacteria_NODE_20_length_590269_cov_37.897534	590269	0.9292882680892944	0.015616738424352293
Bacteria_NODE_11_length_744966_cov_38.326128	744966	0.7699689865112305	0.027815544980738727
Bacteria_NODE_1_length_1843473_cov_40.344361	1843473	0.8231002688407898	0.023472316640229626
Bacteria_NODE_21_length_574171_cov_66.973214	574171	0.8163919448852539	0.02398217388020243
Bacteria_NODE_12_length_731098_cov_44.749349	731098	0.6918057203292847	0.03382053025152957
Bacteria_NODE_22_length_559290_cov_37.685969	559290	0.9458367824554443	0.014106050305914344
Bacteria_NODE_23_length_529117_cov_37.910532	529117	0.9226030111312866	0.01608882846136415
Bacteria_NODE_13_length_714151_cov_44.743619	714151	0.667133092880249	0.035784424805498906
Bacteria_NODE_2_length_1214328_cov_38.817560	1214328	0.8864971399307251	0.018789183473071985
Bacteria_NODE_24_length_528930_cov_67.409282	528930	0.7867339849472046	0.026380391268222676
Bacteria_NODE_14_length_710891_cov_38.028580	710891	0.9623857140541077	0.012028854143062165
Bacteria_NODE_25_length_528063_cov_38.776339	528063	0.8021283745765686	0.025039655563108998
Bacteria_NODE_3_length_1135551_cov_38.760674	1135551	0.9252299070358276	0.015918876048039883
Bacteria_NODE_15_length_706541_cov_37.587581	706541	0.9290329217910767	0.015654505627313242
Bacteria_NODE_26_length_505989_cov_44.323957	505989	0.674324631690979	0.035142382355162774
Bacteria_NODE_27_length_503997_cov_40.797118	503997	0.3943466544151306	0.09791147367625953
Bacteria_NODE_16_length_685141_cov_37.278369	685141	0.924040675163269	0.015975526852481305
Bacteria_NODE_4_length_1008674_cov_68.243781	1008674	0.9219304323196411	0.01622101367172747
Bacteria_NODE_28_length_486902_cov_37.214379	486902	0.8935750126838684	0.018222675428657752
Bacteria_NODE_17_length_665200_cov_40.944599	665200	0.43134579062461853	0.08865850895082711
Bacteria_NODE_29_length_480041_cov_37.758153	480041	0.9308282136917114	0.015541204018430396
Bacteria_NODE_5_length_909832_cov_38.590063	909832	0.9607576727867126	0.012236573759347382
Bacteria_NODE_18_length_615065_cov_65.849120	615065	0.8663020730018616	0.02037540599743183
Bacteria_NODE_30_length_472401_cov_68.372733	472401	0.8480632305145264	0.021659490898104088
Bacteria_NODE_6_length_829860_cov_38.504851	829860	0.7799419164657593	0.02687136490671501
Bacteria_NODE_37_length_411619_cov_44.451961	411619	0.5066027641296387	0.05835032857466576
Bacteria_NODE_31_length_460767_cov_38.519001	460767	0.9231287240982056	0.01603217765692273
Bacteria_NODE_38_length_410414_cov_47.141654	410414	0.6545523405075073	0.0367474884810031
Bacteria_NODE_32_length_453388_cov_47.075951	453388	0.7204166650772095	0.031403429262028854
Bacteria_NODE_7_length_813411_cov_40.443776	813411	0.6193476915359497	0.040089885943047056
Bacteria_NODE_39_length_404508_cov_44.274376	404508	0.3836579918861389	0.10038522547020168
Bacteria_NODE_33_length_450873_cov_38.338893	450873	0.7567614912986755	0.02887302666364529
Bacteria_NODE_40_length_402553_cov_305.022082	402553	0.7832255959510803	0.026644761688949317
Bacteria_NODE_34_length_430954_cov_47.076289	430954	0.8095248937606812	0.024473147518694765
Bacteria_NODE_8_length_783175_cov_37.486473	783175	0.9144138097763062	0.016674220107258858
Bacteria_NODE_41_length_395364_cov_40.657959	395364	0.3592213988304138	0.10593700430546114
Bacteria_NODE_35_length_424805_cov_37.224727	424805	0.8824427127838135	0.0190724374952791
Bacteria_NODE_42_length_391572_cov_65.708802	391572	0.6807665824890137	0.034745826724072816
Bacteria_NODE_36_length_423193_cov_44.149833	423193	0.2936108708381653	0.1208361658735554
Bacteria_NODE_9_length_777356_cov_38.015544	777356	0.9607775211334229	0.012236573759347382
Bacteria_NODE_43_length_385445_cov_44.243457	385445	0.403344988822937	0.09541883828083692
Bacteria_NODE_55_length_298869_cov_39.172589	298869	0.47768914699554443	0.07485459626860035
Bacteria_NODE_46_length_381897_cov_39.784699	381897	0.3535432517528534	0.10720220560465292
Bacteria_NODE_44_length_384761_cov_41.062455	384761	0.3442942500114441	0.1089772641438175
Bacteria_NODE_56_length_295996_cov_68.651123	295996	0.8055765628814697	0.024850819548304252
Bacteria_NODE_47_length_379587_cov_40.306225	379587	0.4439328908920288	0.08514615907545887
Bacteria_NODE_45_length_382845_cov_191.396463	382845	0.9417486190795898	0.014578140342926203
Bacteria_NODE_57_length_285337_cov_44.705365	285337	0.5430324077606201	0.05000377672029609
Bacteria_NODE_48_length_374616_cov_37.186950	374616	0.8562341928482056	0.02111186645517033
Bacteria_NODE_64_length_257490_cov_46.379575	257490	0.6099729537963867	0.04122290203187552
Bacteria_NODE_58_length_285155_cov_40.195896	285155	0.3976319134235382	0.09717501321852104
Bacteria_NODE_65_length_254386_cov_38.125289	254386	0.8869361877441406	0.01877029987159151
Bacteria_NODE_49_length_362718_cov_37.637449	362718	0.9662731885910034	0.011500113301608883
Bacteria_NODE_59_length_280435_cov_68.357065	280435	0.6759928464889526	0.035104615152201826
Bacteria_NODE_66_length_254068_cov_37.400361	254068	0.8960018157958984	0.01803383941385301
Bacteria_NODE_60_length_278582_cov_37.870673	278582	0.930557370185852	0.015541204018430396
Bacteria_NODE_50_length_350655_cov_38.358491	350655	0.9653635025024414	0.01157564770753078
Bacteria_NODE_67_length_251399_cov_189.217920	251399	0.9256273508071899	0.01589999244655941
Bacteria_NODE_61_length_270488_cov_67.188058	270488	0.4475863575935364	0.0841642117984742
Bacteria_NODE_68_length_248390_cov_47.379467	248390	0.46219196915626526	0.08031195709645744
Bacteria_NODE_51_length_342395_cov_45.010983	342395	0.4168069660663605	0.09252964725432435
Bacteria_NODE_62_length_269603_cov_40.303775	269603	0.4645645320415497	0.07955661303723846
Bacteria_NODE_69_length_245668_cov_38.442411	245668	0.4216165542602539	0.09149104917289826
Bacteria_NODE_52_length_334481_cov_37.415847	334481	0.8845534324645996	0.01894025228491578
Bacteria_NODE_63_length_265832_cov_38.503633	265832	0.44553810358047485	0.08474960344436891
Bacteria_NODE_70_length_235356_cov_38.234036	235356	0.9155261516571045	0.01656091849837601
Bacteria_NODE_73_length_225970_cov_47.567306	225970	0.48832404613494873	0.07020923030440365
Bacteria_NODE_53_length_323822_cov_46.862623	323822	0.6726096868515015	0.03533121836996752
Bacteria_NODE_71_length_233280_cov_38.462510	233280	0.2591124475002289	0.12991917818566356
Bacteria_NODE_74_length_222323_cov_68.507113	222323	0.7240314483642578	0.03112017523982174
Bacteria_NODE_72_length_228033_cov_37.375927	228033	0.9718804359436035	0.010518166024624217
Bacteria_NODE_54_length_307551_cov_39.892538	307551	0.4438788592815399	0.08518392627841982
Bacteria_NODE_75_length_220785_cov_303.476202	220785	0.4377424120903015	0.08684568320870156
Bacteria_NODE_91_length_180167_cov_38.242416	180167	0.3128564953804016	0.11622856711231966
Bacteria_NODE_82_length_205367_cov_37.067234	205367	0.8818448185920715	0.019110204698240048
Bacteria_NODE_76_length_219447_cov_37.808275	219447	0.854346752166748	0.021187400861092227
Bacteria_NODE_92_length_175805_cov_71.162139	175805	0.427675724029541	0.0897726414381751
Bacteria_NODE_83_length_201654_cov_64.681318	201654	0.44212788343429565	0.08561824911247073
Bacteria_NODE_77_length_219065_cov_68.039984	219065	0.7339528799057007	0.030270413173200394
Bacteria_NODE_93_length_175609_cov_38.870017	175609	0.8854190707206726	0.018845834277513407
Bacteria_NODE_84_length_198786_cov_44.163563	198786	0.15304352343082428	0.16341868721202507
Bacteria_NODE_94_length_174944_cov_46.508946	174944	0.4599660634994507	0.08102953395271546
Bacteria_NODE_78_length_217219_cov_38.915760	217219	0.2773614823818207	0.1254815318377521
Bacteria_NODE_85_length_198531_cov_68.707154	198531	0.7312663197517395	0.030440365586524663
Bacteria_NODE_95_length_173740_cov_38.172053	173740	0.824722409248352	0.023396782234307727
Bacteria_NODE_79_length_213596_cov_68.967107	213596	0.6735143661499023	0.035255683964045624
Bacteria_NODE_86_length_197783_cov_45.224895	197783	0.30239036679267883	0.11860790089885943
Bacteria_NODE_96_length_172998_cov_38.068017	172998	0.9389616847038269	0.014899161568094267
Bacteria_NODE_80_length_212602_cov_303.208316	212602	0.6034445762634277	0.04184606088073117
Bacteria_NODE_87_length_187775_cov_36.509860	187775	0.7942427396774292	0.02579499962232797
Bacteria_NODE_97_length_172975_cov_46.577001	172975	0.5454635620117188	0.049701639096608505
Bacteria_NODE_88_length_182765_cov_39.491227	182765	0.8816100358963013	0.019110204698240048
Bacteria_NODE_81_length_211595_cov_46.411818	211595	0.7331709861755371	0.030308180376161342
Bacteria_NODE_98_length_172732_cov_46.342090	172732	0.44426459074020386	0.08507062466953698
Bacteria_NODE_89_length_182686_cov_38.222208	182686	0.5563452243804932	0.04751114132487348
Bacteria_NODE_100_length_166675_cov_42.276725	166675	0.28169143199920654	0.12419744693707983
Bacteria_NODE_99_length_170132_cov_68.959912	170132	0.6695277690887451	0.03565223959513558
Bacteria_NODE_90_length_181043_cov_190.800528	181043	0.9003387689590454	0.017675050985723997
Bacteria_NODE_119_length_129851_cov_46.781388	129851	0.2105635106563568	0.14357202205604652
Bacteria_NODE_110_length_144583_cov_37.239926	144583	0.9149796366691589	0.01659868570133696
Bacteria_NODE_101_length_166596_cov_44.696459	166596	0.16179358959197998	0.1602273585618249
Bacteria_NODE_120_length_128759_cov_46.110004	128759	0.572661280632019	0.04530175995165798
Bacteria_NODE_111_length_144016_cov_45.114691	144016	0.18180590867996216	0.15324042601404939
Bacteria_NODE_102_length_165769_cov_191.114010	165769	0.873915433883667	0.01984666515597855
Bacteria_NODE_121_length_126672_cov_39.050554	126672	0.9662878513336182	0.011500113301608883
Bacteria_NODE_112_length_142800_cov_46.830719	142800	0.5234890580177307	0.05362942820454717
Bacteria_NODE_103_length_165512_cov_66.412452	165512	0.38498178124427795	0.09996978623763124
Bacteria_NODE_122_length_124999_cov_40.520233	124999	0.21750441193580627	0.14096608505174107
Bacteria_NODE_113_length_142779_cov_193.618172	142779	0.8322122097015381	0.02281139058841302
Bacteria_NODE_104_length_158752_cov_46.879418	158752	0.6121108531951904	0.04090188080670745
Bacteria_NODE_123_length_121419_cov_37.718813	121419	0.8137384653091431	0.024171009895007176
Bacteria_NODE_124_length_121298_cov_47.398728	121298	0.43551936745643616	0.08743107485459627
Bacteria_NODE_114_length_141047_cov_46.328444	141047	0.3539291322231293	0.10716443840169197
Bacteria_NODE_105_length_155736_cov_47.073657	155736	0.47580254077911377	0.07543998791449505
Bacteria_NODE_125_length_118884_cov_67.832684	118884	0.5925478339195251	0.04335674899916912
Bacteria_NODE_115_length_133382_cov_37.520457	133382	0.43988364934921265	0.08624140796132639
Bacteria_NODE_106_length_154048_cov_46.913347	154048	0.2876959443092346	0.12253569000679809
Bacteria_NODE_126_length_118009_cov_46.057514	118009	0.420654296875	0.091679885187703
Bacteria_NODE_116_length_130678_cov_68.039304	130678	0.5960973501205444	0.04280912455623537
Bacteria_NODE_107_length_151516_cov_47.075069	151516	0.4716745615005493	0.07683737442405016
Bacteria_NODE_127_length_110629_cov_48.072214	110629	0.6317754983901978	0.038994637057179544
Bacteria_NODE_117_length_130130_cov_46.626162	130130	0.23611587285995483	0.13609411586977868
Bacteria_NODE_128_length_108577_cov_190.443339	108577	0.8799526691436768	0.019223506307122894
Bacteria_NODE_108_length_147145_cov_37.210347	147145	0.8553427457809448	0.02114963365813128
Bacteria_NODE_118_length_130102_cov_38.492522	130102	0.393576979637146	0.09806254248810332
Bacteria_NODE_129_length_108463_cov_67.848102	108463	0.563457727432251	0.04651031044640834
Bacteria_NODE_137_length_95698_cov_67.204793	95698	0.6627214550971985	0.03612432963214744
Bacteria_NODE_109_length_146751_cov_44.516463	146751	0.13352903723716736	0.17229397990784803
Bacteria_NODE_130_length_107147_cov_39.291254	107147	0.8654192686080933	0.02041317320039278
Bacteria_NODE_146_length_75433_cov_37.947478	75433	0.18346165120601654	0.15263615076667422
Bacteria_NODE_138_length_92369_cov_44.953972	92369	0.13695919513702393	0.17093436060125386
Bacteria_NODE_131_length_105236_cov_65.653017	105236	0.15671604871749878	0.16205906790543093
Bacteria_NODE_147_length_75106_cov_47.525376	75106	0.39539986848831177	0.0976471032555329
Bacteria_NODE_139_length_91836_cov_68.146512	91836	0.43981996178627014	0.08624140796132639
Bacteria_NODE_132_length_103160_cov_38.379710	103160	0.6620287299156189	0.03612432963214744
Bacteria_NODE_148_length_75048_cov_46.068913	75048	0.16671743988990784	0.15822569680489462
Bacteria_NODE_140_length_90840_cov_44.791276	90840	0.0790846198797226	0.20439610242465442
Bacteria_NODE_133_length_102824_cov_37.708667	102824	0.7142490744590759	0.031932170103482135
Bacteria_NODE_149_length_72553_cov_38.070609	72553	0.35220056772232056	0.10733439081501624
Bacteria_NODE_141_length_90340_cov_67.776275	90340	0.5065895318984985	0.05836921217614623
Bacteria_NODE_150_length_71530_cov_47.583561	71530	0.36494630575180054	0.1047095702092303
Bacteria_NODE_134_length_98787_cov_45.010868	98787	0.06332328170537949	0.21880429035425636
Bacteria_NODE_142_length_88003_cov_43.803839	88003	0.07243406027555466	0.21017448447767959
Bacteria_NODE_151_length_69094_cov_44.747056	69094	0.09488847851753235	0.19272603670972127
Bacteria_NODE_143_length_83628_cov_68.391011	83628	0.4990377426147461	0.06392099101140569
Bacteria_NODE_135_length_98775_cov_45.207911	98775	0.11358145624399185	0.18183019865548758
Bacteria_NODE_152_length_68990_cov_37.865540	68990	0.5786019563674927	0.04460306669688043
Bacteria_NODE_144_length_82630_cov_43.187660	82630	0.1233624666929245	0.17703376387944708
Bacteria_NODE_136_length_98013_cov_37.845403	98013	0.9218466281890869	0.01622101367172747
Bacteria_NODE_153_length_68470_cov_36.479997	68470	0.6024723649024963	0.042016013294055445
Bacteria_NODE_155_length_66125_cov_69.743454	66125	0.5034470558166504	0.059728831482740385
Bacteria_NODE_154_length_67139_cov_200.378540	67139	0.8766621351242065	0.019676712742654277
Bacteria_NODE_145_length_80628_cov_68.656485	80628	0.342515230178833	0.10950600498527079
Bacteria_NODE_156_length_65421_cov_38.662210	65421	0.1150183156132698	0.18101820379182718
Bacteria_NODE_173_length_56727_cov_47.853826	56727	0.4160243272781372	0.09264294886320719
Bacteria_NODE_164_length_61271_cov_66.220269	61271	0.24453839659690857	0.1337336656847194
Bacteria_NODE_174_length_56312_cov_190.461809	56312	0.8328084945678711	0.0227547397839716
Bacteria_NODE_157_length_64578_cov_67.831657	64578	0.490067720413208	0.0693028174333409
Bacteria_NODE_165_length_60864_cov_47.320808	60864	0.26126816868782043	0.12918271772792506
Bacteria_NODE_175_length_56197_cov_42.004934	56197	0.035172685980796814	0.2580444142306821
Bacteria_NODE_158_length_63694_cov_45.962177	63694	0.5714375972747803	0.045452828763501776
Bacteria_NODE_166_length_59986_cov_43.689209	59986	0.10400360822677612	0.1874763954981494
Bacteria_NODE_176_length_55677_cov_67.847470	55677	0.5857990980148315	0.04392325704358335
Bacteria_NODE_159_length_63569_cov_39.182983	63569	0.2024528682231903	0.1460268902485082
Bacteria_NODE_167_length_59570_cov_300.970915	59570	0.3454449772834778	0.10876954452753229
Bacteria_NODE_177_length_54541_cov_37.816320	54541	0.7172428369522095	0.03164891608127502
Bacteria_NODE_160_length_63171_cov_46.641010	63171	0.37723490595817566	0.10206586600196389
Bacteria_NODE_168_length_58859_cov_37.807598	58859	0.10439030081033707	0.18728755948334466
Bacteria_NODE_178_length_52919_cov_47.703882	52919	0.15531115233898163	0.16283329556613038
Bacteria_NODE_161_length_62562_cov_47.083591	62562	0.35029709339141846	0.10761764483722336
Bacteria_NODE_169_length_57685_cov_38.146139	57685	0.3232514560222626	0.11388700052874084
Bacteria_NODE_179_length_52595_cov_40.230567	52595	0.0387754812836647	0.25122743409623083
Bacteria_NODE_162_length_62504_cov_71.211148	62504	0.18637612462043762	0.15167308709117003
Bacteria_NODE_170_length_57101_cov_41.878537	57101	0.24090547859668732	0.134753380164665
Bacteria_NODE_180_length_52319_cov_45.989419	52319	0.08183427900075912	0.20216783744995845
Bacteria_NODE_171_length_57024_cov_46.928558	57024	0.21608713269233704	0.14136264068283103
Bacteria_NODE_163_length_62237_cov_45.464572	62237	0.12778761982917786	0.17472996449882922
Bacteria_NODE_181_length_52083_cov_47.030214	52083	0.3471578359603882	0.10848629050532517
Bacteria_NODE_172_length_56975_cov_48.006869	56975	0.7534142732620239	0.029080746279930507
Bacteria_NODE_191_length_39012_cov_45.917293	39012	0.030553286895155907	0.26669310370873933
Bacteria_NODE_182_length_51143_cov_38.713768	51143	0.1308724284172058	0.17344587959815697
Bacteria_NODE_192_length_36177_cov_40.891064	36177	0.35522061586380005	0.10682453357504343
Bacteria_NODE_200_length_30798_cov_45.479068	30798	0.16870209574699402	0.15767807236196088
Bacteria_NODE_183_length_47783_cov_64.339025	47783	0.15205606818199158	0.16379635924163458
Bacteria_NODE_193_length_35849_cov_69.964380	35849	0.22715133428573608	0.13854898406224034
Bacteria_NODE_184_length_47562_cov_67.132907	47562	0.1778482347726822	0.1545056273132412
Bacteria_NODE_194_length_34959_cov_189.809306	34959	0.9518502354621887	0.013407357051136793
Bacteria_NODE_185_length_47192_cov_43.425186	47192	0.09862084686756134	0.19044112093058388
Bacteria_NODE_195_length_34624_cov_42.067170	34624	0.043961867690086365	0.24293753304630258
Bacteria_NODE_186_length_43598_cov_37.814574	43598	0.11760910600423813	0.1799607221089206
Bacteria_NODE_196_length_34167_cov_45.218252	34167	0.07745358347892761	0.2057557217312486
Bacteria_NODE_187_length_41299_cov_43.117205	41299	0.031662896275520325	0.2644837223355238
Bacteria_NODE_197_length_33847_cov_44.274710	33847	0.09457449615001678	0.192914872724526
Bacteria_NODE_188_length_39662_cov_64.924256	39662	0.07170990109443665	0.21098647934134
Bacteria_NODE_198_length_32455_cov_45.621389	32455	0.10740131139755249	0.18536143213233627
Bacteria_NODE_199_length_31448_cov_44.243940	31448	0.05790061131119728	0.22513029685021527
Bacteria_NODE_189_length_39629_cov_45.511396	39629	0.21808920800685883	0.1408716670443387
Bacteria_NODE_190_length_39365_cov_209.892597	39365	0.7173783183097839	0.03161114887831407
Bacteria_NODE_219_length_14406_cov_46.814786	14406	0.3533162474632263	0.10720220560465292
Bacteria_NODE_210_length_21704_cov_48.927526	21704	0.08792658150196075	0.19752247148576177
Bacteria_NODE_201_length_29746_cov_74.689468	29746	0.15029890835285187	0.16453281969937306
Bacteria_NODE_220_length_13907_cov_37.584681	13907	0.014357620850205421	0.3176599441045396
Bacteria_NODE_211_length_20279_cov_75.724387	20279	0.37265390157699585	0.10301004607598761
Bacteria_NODE_221_length_13383_cov_48.507428	13383	0.06428685784339905	0.2178223430772717
Bacteria_NODE_202_length_28367_cov_44.196348	28367	0.046004071831703186	0.24008610922275098
Bacteria_NODE_222_length_11298_cov_37.422129	11298	0.16681785881519318	0.15820681320341415
Bacteria_NODE_212_length_20265_cov_46.980257	20265	0.5876295566558838	0.04371553742729813
Bacteria_NODE_223_length_10662_cov_47.316395	10662	0.028310302644968033	0.2715650728907017
Bacteria_NODE_203_length_28041_cov_47.600086	28041	0.35541731119155884	0.10673011556764106
Bacteria_NODE_213_length_20196_cov_39.193138	20196	0.03753955662250519	0.2536823022886925
Bacteria_NODE_224_length_9762_cov_44.556506	9762	0.10246264934539795	0.1882128559558879
Bacteria_NODE_214_length_19976_cov_36.582551	19976	0.2215680629014969	0.13996525417327593
Bacteria_NODE_204_length_27201_cov_65.087306	27201	0.23537515103816986	0.13624518468162247
Bacteria_NODE_225_length_9641_cov_47.921344	9641	0.11508403718471527	0.18098043658886623
Bacteria_NODE_226_length_8394_cov_71.114162	8394	0.35669657588005066	0.1064846287483949
Bacteria_NODE_215_length_17789_cov_47.955058	17789	0.22716021537780762	0.13853010046075986
Bacteria_NODE_205_length_25858_cov_50.323257	25858	0.11092592775821686	0.18332200317244504
Bacteria_NODE_227_length_8312_cov_44.320092	8312	0.16032075881958008	0.1606805649973563
Bacteria_NODE_216_length_17714_cov_35.617985	17714	0.4336211681365967	0.08790316489160813
Bacteria_NODE_206_length_24045_cov_44.203126	24045	0.1515686959028244	0.16394742805347837
Bacteria_NODE_228_length_8006_cov_65.908062	8006	0.39598268270492554	0.0974960344436891
Bacteria_NODE_217_length_17505_cov_39.016676	17505	0.06390711665153503	0.21821889870836167
Bacteria_NODE_229_length_7147_cov_50.872955	7147	0.573417067527771	0.04522622554573608
Bacteria_NODE_207_length_23596_cov_67.633278	23596	0.18229171633720398	0.15307047360072512
Bacteria_NODE_218_length_17122_cov_72.959747	17122	0.24853187799453735	0.1328461364151371
Bacteria_NODE_230_length_7120_cov_53.231423	7120	0.014960704371333122	0.31477075307802704
Bacteria_NODE_237_length_4824_cov_67.547704	4824	0.06482284516096115	0.2173124858372989
Bacteria_NODE_208_length_22850_cov_67.270410	22850	0.3031216859817505	0.11853236649293754
Bacteria_NODE_231_length_7022_cov_63.323095	7022	0.05981321260333061	0.22309086789032403
Bacteria_NODE_238_length_4721_cov_118.780111	4721	0.0004593821067828685	0.5616360752322683
Bacteria_NODE_232_length_6352_cov_81.569319	6352	0.03539425507187843	0.2576667422010726
Bacteria_NODE_239_length_3126_cov_479.151742	3126	0.1372242271900177	0.17085882619533196
Bacteria_NODE_209_length_22676_cov_47.236329	22676	0.078776054084301	0.20466047284538108
Bacteria_NODE_233_length_6199_cov_119.100749	6199	0.19513675570487976	0.14836845683208702
Bacteria_NODE_240_length_2570_cov_36.901789	2570	0.440768301486969	0.0860903391494826
Bacteria_NODE_246_length_1948_cov_341.939778	1948	0.4886590242385864	0.07011481229700128
Bacteria_NODE_234_length_5947_cov_36.963001	5947	0.04714467376470566	0.23831105068358638
Bacteria_NODE_247_length_1744_cov_74.073416	1744	0.44964680075645447	0.08359770375405998
Bacteria_NODE_241_length_2527_cov_388.603155	2527	0.01924794167280197	0.29747337412191255
Bacteria_NODE_235_length_5729_cov_161.703031	5729	0.08531862497329712	0.19924087922048492
Bacteria_NODE_248_length_1692_cov_447.736103	1692	0.6312560439109802	0.03907017146310144
Bacteria_NODE_242_length_2302_cov_347.412105	2302	0.19345293939113617	0.14891608127502076
Bacteria_NODE_236_length_5619_cov_48.519770	5619	0.16853325068950653	0.1577347231664023
Bacteria_NODE_249_length_1621_cov_137.860792	1621	0.9416842460632324	0.014578140342926203
Bacteria_NODE_255_length_1445_cov_241.210072	1445	5.451925244415179e-05	0.6942367248281592
Bacteria_NODE_243_length_2207_cov_22.430762	2207	0.43222352862358093	0.08839413853010046
Bacteria_NODE_250_length_1583_cov_348.276178	1583	0.03642483428120613	0.2556650804441423
Bacteria_NODE_256_length_1444_cov_226.325414	1444	0.01826922968029976	0.3008724223883979
Bacteria_NODE_244_length_2197_cov_353.615780	2197	0.18137125670909882	0.15333484402145178
Bacteria_NODE_251_length_1559_cov_75.747340	1559	0.005714697763323784	0.3830916232343833
Bacteria_NODE_257_length_1426_cov_153.070022	1426	0.49995386600494385	0.06267467331369439
Bacteria_NODE_245_length_1984_cov_344.067911	1984	0.013669299893081188	0.3209834579651031
Bacteria_NODE_252_length_1557_cov_65.937417	1557	0.021467875689268112	0.2898632827252814
Bacteria_NODE_258_length_1416_cov_77.127847	1416	0.09264399111270905	0.19414230682075687
Bacteria_NODE_253_length_1546_cov_328.808853	1546	0.03922118619084358	0.2504909736384923
Bacteria_NODE_264_length_1263_cov_44.407285	1263	0.3432440459728241	0.1092794017675051
Bacteria_NODE_259_length_1405_cov_78.486667	1405	0.5464763641357422	0.04945615227736234
Bacteria_NODE_260_length_1388_cov_465.662416	1388	0.7040297389030457	0.03268751416270111
Bacteria_NODE_265_length_1249_cov_43.004188	1249	2.18496870729723e-06	0.8447956794319813
Bacteria_NODE_254_length_1531_cov_84.610434	1531	0.2707465887069702	0.12691668555026814
Bacteria_NODE_261_length_1377_cov_134.350227	1377	0.027692392468452454	0.27324571342246395
Bacteria_NODE_266_length_1244_cov_89.386880	1244	0.5185046792030334	0.05491351310521943
Bacteria_NODE_262_length_1344_cov_1004.439100	1344	0.9917234182357788	0.007043583352216934
Bacteria_NODE_267_length_1108_cov_114.857550	1108	0.0006497462745755911	0.538654732230531
Bacteria_NODE_263_length_1307_cov_100.092652	1307	0.25322699546813965	0.13141098270262105
Bacteria_NODE_268_length_1103_cov_220.527672	1103	0.01621139794588089	0.30969106427977944
Bacteria_NODE_273_length_887_cov_43.359375	887	0.10277175903320312	0.40783457826111497
Bacteria_NODE_269_length_1043_cov_49.131579	1043	0.27527743577957153	0.12585920386736157
Bacteria_NODE_274_length_884_cov_287.340169	884	0.34909746050834656	0.22571450074319366
Bacteria_NODE_282_length_527_cov_336.116525	527	0.4339334964752197	0.1800974618525278
Bacteria_NODE_275_length_849_cov_44.128463	849	0.20359189808368683	0.31344898304765845
Bacteria_NODE_270_length_949_cov_72.344519	949	0.2788988947868347	0.26429471862123466
Bacteria_NODE_276_length_697_cov_65.423676	697	0.3653905391693115	0.2171254398013133
Bacteria_NODE_271_length_910_cov_150.432749	910	0.29996585845947266	0.25206494948164593
Bacteria_NODE_277_length_691_cov_267.262579	691	0.07583849132061005	0.4468287267869574
Bacteria_NODE_272_length_890_cov_97.717365	890	8.596244151704013e-05	0.9172703155280438
Bacteria_NODE_278_length_690_cov_65.633071	690	5.489831367277986e-10	0.9988240606596549
Phage_NODE_9_length_23912_cov_308.789496	23912	1.0	0.0
Phage_NODE_1_length_135394_cov_134.991917	135394	0.9962410926818848	0.005683964045622781
Bacteria_NODE_279_length_630_cov_68.393043	630	0.8159371614456177	0.04569229900844795
Phage_NODE_10_length_22261_cov_319.102990	22261	1.0	0.0
Bacteria_NODE_280_length_596_cov_75.443623	596	0.7277761697769165	0.06250352781802103
Phage_NODE_11_length_15382_cov_402.686109	15382	1.0	0.0
Bacteria_NODE_281_length_567_cov_51.490234	567	0.9198994636535645	0.026199928502888107
Phage_NODE_12_length_14300_cov_412.535837	14300	1.0	0.0
Phage_NODE_18_length_2256_cov_358.967288	2256	0.9998624324798584	0.0018883601480474356
Phage_NODE_13_length_13866_cov_404.266309	13866	1.0	0.0
Phage_NODE_2_length_122030_cov_149.766411	122030	0.9999912977218628	0.0006231588488556538
Phage_NODE_14_length_9451_cov_419.679864	9451	1.0	0.0
Phage_NODE_15_length_3797_cov_306.602084	3797	1.0	0.0
Phage_NODE_16_length_3051_cov_363.209279	3051	0.9999894499778748	0.0006609260518166025
Phage_NODE_17_length_2410_cov_311.898514	2410	1.0	0.0
Phage_NODE_3_length_115152_cov_163.213177	115152	0.3260886073112488	0.11345267769468993
Phage_NODE_4_length_43707_cov_418.575575	43707	0.9982814192771912	0.004399879144950525
Phage_NODE_5_length_42632_cov_429.208094	42632	0.9847047328948975	0.008592038673615831
Phage_NODE_6_length_41119_cov_444.876802	41119	1.0	0.0
Phage_NODE_7_length_38563_cov_546.799808	38563	0.3596193790435791	0.10586146989953923
Phage_NODE_8_length_35941_cov_582.510366	35941	0.7439616322517395	0.02960948712138379
Phage_NODE_19_length_1524_cov_422.571818	1524	0.9706723093986511	0.010688118437948485
Prophage_NODE_11_length_2090_cov_75.297297	2090	0.01633918285369873	0.30916232343832617
Phage_NODE_20_length_1329_cov_378.718210	1329	0.9999988675117493	0.00039655563108996147
Prophage_NODE_12_length_1888_cov_75.463175	1888	0.05189383029937744	0.23187174257874463
Phage_NODE_21_length_1225_cov_391.363248	1225	0.9999918937683105	0.0006231588488556538
Prophage_NODE_13_length_1854_cov_165.233463	1854	0.08564301580190659	0.19897650879975828
Prophage_NODE_2_length_70384_cov_38.125510	70384	0.4611377716064453	0.08068962912606692
Phage_NODE_22_length_1021_cov_337.049689	1021	0.9453186988830566	0.014162701110355768
Prophage_NODE_14_length_1846_cov_159.488554	1846	0.01656675897538662	0.308161492559861
Prophage_NODE_15_length_1825_cov_623.573446	1825	0.1504332572221756	0.1644384016919707
Prophage_NODE_3_length_27110_cov_39.846941	27110	0.2825983464717865	0.12395196011783367
Prophage_NODE_16_length_1755_cov_20.091765	1755	0.007676265202462673	0.36262179922954907
Prophage_NODE_4_length_7682_cov_29.578209	7682	0.5523272752761841	0.04813430017372913
Phage_NODE_23_length_982_cov_429.391586	982	0.9999990463256836	5.644508833656325e-05
Prophage_NODE_17_length_1543_cov_156.438844	1543	0.03376709297299385	0.2604803988216633
Prophage_NODE_5_length_5533_cov_31.148959	5533	0.1517268419265747	0.1639285444519979
Prophage_NODE_18_length_1415_cov_22.716912	1415	0.00261231348849833	0.4403467029231815
Phage_NODE_24_length_871_cov_420.452206	871	0.997825026512146	0.0035372255357579633
Prophage_NODE_6_length_5414_cov_128.089196	5414	0.04733242839574814	0.2380089130598988
Prophage_NODE_19_length_1347_cov_13.417183	1347	0.18003065884113312	0.15384470126142458
Prophage_NODE_7_length_3134_cov_520.604092	3134	0.2133217751979828	0.14236347156129617
Prophage_NODE_20_length_1276_cov_14.386568	1276	6.43929306534119e-05	0.6850592945086487
Phage_NODE_25_length_677_cov_215.924437	677	0.9992982149124146	0.0018156503414927844
Prophage_NODE_8_length_3084_cov_186.324199	3084	0.10838717222213745	0.18479492408792206
Prophage_NODE_21_length_1207_cov_191.203993	1207	0.0008185736369341612	0.5226036709721278
Prophage_NODE_9_length_2437_cov_608.514274	2437	0.2587995231151581	0.1300324797945464
Prophage_NODE_22_length_1169_cov_27.279174	1169	0.10153947025537491	0.18862829518845833
Phage_NODE_26_length_546_cov_290.773931	546	0.9776883125305176	0.012549624640162562
Prophage_NODE_10_length_2172_cov_57.787907	2172	0.012602163478732109	0.3263086335825969
Prophage_NODE_23_length_1130_cov_15.226047	1130	0.19160984456539154	0.14969030893572022
Prophage_NODE_29_length_1039_cov_23.415650	1039	9.219533239956945e-05	0.6633053856031422
Prophage_NODE_24_length_1129_cov_31.929236	1129	0.14464089274406433	0.16713875670367853
Prophage_NODE_25_length_1120_cov_14.142723	1120	0.5436964631080627	0.049966009517335146
Prophage_NODE_26_length_1119_cov_21.208647	1119	0.482254296541214	0.07306065412795529
Prophage_NODE_30_length_987_cov_17.418455	987	0.17640793323516846	0.33405144029050404
Prophage_NODE_27_length_1101_cov_17.800191	1101	0.07844103872776031	0.20503814487499056
Prophage_NODE_1_length_72219_cov_39.914182	72219	0.2056676149368286	0.145063826573004
Prophage_NODE_28_length_1042_cov_19.336373	1042	0.48694586753845215	0.07071908754437646
Prophage_NODE_31_length_983_cov_23.468750	983	0.13735666871070862	0.36955540085420235
Prophage_NODE_38_length_914_cov_32.480792	914	0.3405134379863739	0.23029596041317804
Prophage_NODE_32_length_980_cov_17.529730	980	0.6163612008094788	0.08810137537865247
Prophage_NODE_47_length_800_cov_6.990604	800	0.5243432521820068	0.12213776364560011
Prophage_NODE_39_length_900_cov_5.142012	900	0.031420379877090454	0.5520517789610341
Prophage_NODE_33_length_977_cov_7.713666	977	0.07791414856910706	0.44315038853035804
Prophage_NODE_48_length_798_cov_7.987887	798	0.26503151655197144	0.2722722911061356
Prophage_NODE_40_length_898_cov_8.482800	898	0.002128290943801403	0.7812094300927581
Prophage_NODE_49_length_794_cov_6.087957	794	1.9615294149843976e-05	0.9483809667162129
Prophage_NODE_34_length_950_cov_5.555307	950	0.18365496397018433	0.32835989388323394
Prophage_NODE_41_length_882_cov_93.222491	882	0.22329142689704895	0.29950704622852736
Prophage_NODE_50_length_791_cov_4.194293	791	0.0107770636677742	0.6583755103576737
Prophage_NODE_35_length_949_cov_55.049217	949	0.4950515627861023	0.14162072663643718
Prophage_NODE_42_length_877_cov_35.987835	877	0.0549577958881855	0.48729985512427326
Prophage_NODE_51_length_772_cov_60.747559	772	0.5007774829864502	0.13617377561195884
Prophage_NODE_36_length_929_cov_18.885584	929	0.038457781076431274	0.5294737436264088
Prophage_NODE_43_length_870_cov_88.380368	870	0.8631110191345215	0.036595232271538505
Prophage_NODE_52_length_771_cov_8.097765	771	0.3579166531562805	0.22108600349959548
Prophage_NODE_37_length_922_cov_9.219146	922	0.3692333996295929	0.21517808425370186
Prophage_NODE_44_length_855_cov_6.966250	855	0.015673015266656876	0.6240004515607067
Prophage_NODE_53_length_770_cov_6.560839	770	0.014956005848944187	0.628704208922087
Prophage_NODE_56_length_703_cov_10.759259	703	0.007589597720652819	0.6892133436188828
Prophage_NODE_45_length_828_cov_6.138422	828	0.020888855680823326	0.5952416790532277
Prophage_NODE_57_length_690_cov_8.159055	690	0.0015478264540433884	0.8008617283486049
Prophage_NODE_54_length_755_cov_3.505714	755	0.1900332272052765	0.32329865096238875
Prophage_NODE_46_length_801_cov_7.754692	801	0.030883684754371643	0.5538674293025269
Prophage_NODE_58_length_686_cov_4.505547	686	0.6198163628578186	0.08715121639165366
Prophage_NODE_65_length_575_cov_5.950000	575	0.5125948190689087	0.12803627537677095
Prophage_NODE_55_length_707_cov_3.202454	707	0.6357323527336121	0.08296487234002521
Prophage_NODE_59_length_664_cov_7.133005	664	0.4127541184425354	0.19167811247624603
Prophage_NODE_66_length_570_cov_4.314563	570	0.05882234498858452	0.4790400571976895
Prophage_NODE_60_length_661_cov_10.054455	661	0.5005685091018677	0.1365406686861465
Prophage_NODE_67_length_566_cov_100.035225	566	0.3117017149925232	0.24550791171988184
Prophage_NODE_61_length_661_cov_7.859736	661	0.08542130887508392	0.43148507027413496
Prophage_NODE_68_length_563_cov_7.787402	563	0.015653841197490692	0.6242168243993302
Prophage_NODE_62_length_626_cov_5.630473	626	0.46845483779907227	0.15963611733052363
Prophage_NODE_69_length_557_cov_5.553785	557	0.057846713811159134	0.4811379329808651
Prophage_NODE_63_length_581_cov_26.193916	581	0.17170633375644684	0.33780503866488554
Prophage_NODE_70_length_552_cov_3.780684	552	0.43194296956062317	0.18132043876648668
Prophage_NODE_64_length_577_cov_5.099617	577	0.46920502185821533	0.15912811153549455
Prophage_NODE_71_length_517_cov_357.430736	517	0.35351142287254333	0.2234190671508401
Prophage_NODE_72_length_513_cov_7.493450	513	0.06190745532512665	0.4725018344653709
Eukaroyte_NODE_11_length_399432_cov_20.628674	399432	0.8400480151176453	0.022207115341037843
Eukaroyte_NODE_12_length_354132_cov_58.578256	354132	0.7583616375923157	0.028816375859203866
Eukaroyte_NODE_2_length_1147307_cov_37.453953	1147307	0.954646646976471	0.013086335825968728
Eukaroyte_NODE_13_length_324126_cov_19.389788	324126	0.8830438256263733	0.019015786690837675
Eukaroyte_NODE_1_length_1222714_cov_39.957257	1222714	0.9590651988983154	0.012519827781554499
Eukaroyte_NODE_20_length_233540_cov_34.533610	233540	0.793962299823761	0.025813883223808443
Eukaroyte_NODE_14_length_306118_cov_19.560172	306118	0.8831384181976318	0.019015786690837675
Eukaroyte_NODE_3_length_722582_cov_58.309247	722582	0.9205684661865234	0.016315431679129844
Eukaroyte_NODE_15_length_284970_cov_17.608761	284970	0.8662112951278687	0.02037540599743183
Eukaroyte_NODE_16_length_265288_cov_17.999570	265288	0.7026055455207825	0.032763048568623006
Eukaroyte_NODE_17_length_256962_cov_71.891019	256962	0.8927718997001648	0.018260442631618704
Eukaroyte_NODE_4_length_710810_cov_34.203028	710810	0.9196327924728394	0.016372082483571266
Eukaroyte_NODE_18_length_243723_cov_16.979755	243723	0.7958595752716064	0.025643930810484175
Eukaroyte_NODE_19_length_240849_cov_37.778396	240849	0.7916330695152283	0.02600271923861319
Eukaroyte_NODE_5_length_477875_cov_58.154772	477875	0.9219599962234497	0.01622101367172747
Eukaroyte_NODE_6_length_433209_cov_35.376153	433209	0.9098169207572937	0.017033008535387868
Eukaroyte_NODE_7_length_418815_cov_107.913170	418815	0.8603763580322266	0.020828612432963214
Eukaroyte_NODE_8_length_411154_cov_73.766107	411154	0.9193140268325806	0.01639096608505174
Eukaroyte_NODE_9_length_407578_cov_34.307484	407578	0.8602069616317749	0.020847496034443688
Eukaroyte_NODE_10_length_405120_cov_120.241137	405120	0.7926284074783325	0.025946068434171764
Eukaroyte_NODE_39_length_134308_cov_17.816749	134308	0.7255216836929321	0.031006873630938892
Eukaroyte_NODE_30_length_158854_cov_19.361337	158854	0.5711466670036316	0.045547246770904146
Eukaroyte_NODE_21_length_232507_cov_19.060705	232507	0.8773062229156494	0.019563411133771434
Eukaroyte_NODE_40_length_134230_cov_18.628306	134230	0.7940914630889893	0.02579499962232797
Eukaroyte_NODE_31_length_154516_cov_17.578198	154516	0.8551920056343079	0.02114963365813128
Eukaroyte_NODE_41_length_131804_cov_20.564475	131804	0.7432971596717834	0.02964725432434474
Eukaroyte_NODE_32_length_151730_cov_17.699766	151730	0.7196382880210876	0.03142231286350933
Eukaroyte_NODE_22_length_226869_cov_17.640282	226869	0.8690425157546997	0.020205453584107563
Eukaroyte_NODE_42_length_130655_cov_19.465544	130655	0.7825232744216919	0.02666364529042979
Eukaroyte_NODE_33_length_151560_cov_37.115891	151560	0.6199183464050293	0.040033235138605634
Eukaroyte_NODE_43_length_130279_cov_17.625660	130279	0.6422087550163269	0.03778608656242918
Eukaroyte_NODE_23_length_219967_cov_19.213558	219967	0.6867736577987671	0.034217085882619534
Eukaroyte_NODE_34_length_150256_cov_19.388420	150256	0.5785433053970337	0.04460306669688043
Eukaroyte_NODE_44_length_129015_cov_17.692897	129015	0.7060641050338745	0.03259309615529874
Eukaroyte_NODE_35_length_149525_cov_36.206617	149525	0.8714172840118408	0.020016617569302817
Eukaroyte_NODE_45_length_126895_cov_17.273471	126895	0.6994466781616211	0.03310295339527155
Eukaroyte_NODE_24_length_219381_cov_17.246409	219381	0.8336012363433838	0.022660321776569226
Eukaroyte_NODE_46_length_124090_cov_17.146749	124090	0.5951327681541443	0.04297907696955963
Eukaroyte_NODE_36_length_145067_cov_18.411580	145067	0.8018832206726074	0.02505853916458947
Eukaroyte_NODE_25_length_203858_cov_17.750985	203858	0.8517045378684998	0.021395120477377447
Eukaroyte_NODE_47_length_113519_cov_17.376957	113519	0.5320844054222107	0.0520620892816678
Eukaroyte_NODE_37_length_139620_cov_17.777903	139620	0.8331289291381836	0.0226792053780497
Eukaroyte_NODE_48_length_108926_cov_17.321941	108926	0.6345152258872986	0.038692499433491956
Eukaroyte_NODE_26_length_193547_cov_17.079404	193547	0.8576070070266724	0.020979681244807008
Eukaroyte_NODE_38_length_136760_cov_37.678439	136760	0.7235435247421265	0.031157942442782686
Eukaroyte_NODE_49_length_108596_cov_18.925512	108596	0.7314196825027466	0.03042148198504419
Eukaroyte_NODE_57_length_86891_cov_37.107594	86891	0.5485117435455322	0.049078480247752854
Eukaroyte_NODE_50_length_102228_cov_17.604348	102228	0.65841144323349	0.03648311806027646
Eukaroyte_NODE_27_length_192006_cov_16.694849	192006	0.7894881963729858	0.026210438854898405
Eukaroyte_NODE_58_length_80920_cov_37.513201	80920	0.6009968519210815	0.04224261651182114
Eukaroyte_NODE_51_length_101903_cov_18.599629	101903	0.5540976524353027	0.04785104615152202
Eukaroyte_NODE_59_length_79911_cov_37.908348	79911	0.6317373514175415	0.038994637057179544
Eukaroyte_NODE_28_length_167199_cov_17.694934	167199	0.7986860275268555	0.025455094795679433
Eukaroyte_NODE_52_length_100426_cov_17.528499	100426	0.5266231298446655	0.05304403655865247
Eukaroyte_NODE_60_length_78947_cov_17.433415	78947	0.6266704201698303	0.03948561069567188
Eukaroyte_NODE_61_length_78216_cov_18.791187	78216	0.59199458360672	0.04343228340509102
Eukaroyte_NODE_53_length_99284_cov_37.946518	99284	0.6964924335479736	0.033348440214517716
Eukaroyte_NODE_29_length_162808_cov_299.559209	162808	0.5690465569496155	0.04571719918422842
Eukaroyte_NODE_62_length_77364_cov_16.888668	77364	0.45199054479599	0.08297454490520433
Eukaroyte_NODE_66_length_72834_cov_38.449223	72834	0.4395723342895508	0.08631694236724828
Eukaroyte_NODE_54_length_93340_cov_35.445516	93340	0.5795949697494507	0.04452753229095853
Eukaroyte_NODE_63_length_76320_cov_36.377159	76320	0.8707993626594543	0.020092151975224716
Eukaroyte_NODE_67_length_71149_cov_18.155766	71149	0.5644793510437012	0.04639700883752549
Eukaroyte_NODE_55_length_91871_cov_35.577100	91871	0.5354331135749817	0.05128786162096835
Eukaroyte_NODE_64_length_76055_cov_19.507605	76055	0.4696125090122223	0.07768713649067151
Eukaroyte_NODE_68_length_69757_cov_36.212677	69757	0.46411043405532837	0.0796699146461213
Eukaroyte_NODE_56_length_91002_cov_17.889947	91002	0.8019214868545532	0.02505853916458947
Eukaroyte_NODE_65_length_73785_cov_16.942940	73785	0.6890542507171631	0.03404713346929526
Eukaroyte_NODE_69_length_68984_cov_38.846349	68984	0.4736160635948181	0.0762142155751945
Eukaroyte_NODE_75_length_58223_cov_17.492556	58223	0.7230872511863708	0.03117682604426316
Eukaroyte_NODE_84_length_50955_cov_35.904204	50955	0.36758923530578613	0.10416194576629655
Eukaroyte_NODE_70_length_67628_cov_34.676764	67628	0.6694949865341187	0.03565223959513558
Eukaroyte_NODE_76_length_57840_cov_37.512209	57840	0.5443977117538452	0.049796057104010874
Eukaroyte_NODE_85_length_50675_cov_37.597333	50675	0.7320878505706787	0.030402598383563715
Eukaroyte_NODE_86_length_50372_cov_17.597313	50372	0.7430696487426758	0.02964725432434474
Eukaroyte_NODE_71_length_65324_cov_38.659364	65324	0.32789087295532227	0.11286728604879523
Eukaroyte_NODE_77_length_57574_cov_38.191884	57574	0.6091563701629639	0.04129843643779742
Eukaroyte_NODE_87_length_49077_cov_17.663539	49077	0.8026190996170044	0.024983004758667573
Eukaroyte_NODE_78_length_55944_cov_18.892036	55944	0.7911571264266968	0.026040486441574136
Eukaroyte_NODE_72_length_64451_cov_34.454656	64451	0.37789398431777954	0.1019147971901201
Eukaroyte_NODE_88_length_47378_cov_17.689538	47378	0.49386465549468994	0.0673766900823325
Eukaroyte_NODE_79_length_55662_cov_19.551657	55662	0.6843689680099487	0.03440592189742428
Eukaroyte_NODE_73_length_63389_cov_17.740992	63389	0.6099733710289001	0.04122290203187552
Eukaroyte_NODE_89_length_46864_cov_19.110278	46864	0.5932573080062866	0.0432245637888058
Eukaroyte_NODE_80_length_54823_cov_65.193726	54823	0.3199593722820282	0.11452904297907697
Eukaroyte_NODE_74_length_60992_cov_18.036447	60992	0.7811232805252075	0.02673917969635169
Eukaroyte_NODE_90_length_43775_cov_17.689387	43775	0.8049927353858948	0.0248885867512652
Eukaroyte_NODE_81_length_54420_cov_37.567884	54420	0.5211114883422852	0.0543470050608052
Eukaroyte_NODE_91_length_43528_cov_18.120305	43528	0.5392721891403198	0.05057028476471032
Eukaroyte_NODE_93_length_43041_cov_19.645745	43041	0.2764281630516052	0.12570813505551778
Eukaroyte_NODE_92_length_43309_cov_22.165303	43309	0.46612972021102905	0.07902787219578518
Eukaroyte_NODE_82_length_54276_cov_17.537319	54276	0.714920699596405	0.031837752096079766
Eukaroyte_NODE_94_length_42225_cov_35.191558	42225	0.7184990644454956	0.03153561447239218
Eukaroyte_NODE_102_length_34967_cov_104.138663	34967	0.2977381944656372	0.11979756779212931
Eukaroyte_NODE_83_length_51767_cov_18.512512	51767	0.547167181968689	0.04924843266107712
Eukaroyte_NODE_95_length_40983_cov_18.499414	40983	0.45273369550704956	0.08280459249188005
Eukaroyte_NODE_103_length_34531_cov_17.663969	34531	0.4803583025932312	0.07387264899161568
Eukaroyte_NODE_111_length_21959_cov_36.209322	21959	0.5715711712837219	0.045452828763501776
Eukaroyte_NODE_96_length_39895_cov_27.184965	39895	0.7482829689979553	0.0293073494976962
Eukaroyte_NODE_112_length_20956_cov_17.108751	20956	0.3173487186431885	0.1150955510234912
Eukaroyte_NODE_104_length_33662_cov_35.943226	33662	0.38271448016166687	0.10063071228944784
Eukaroyte_NODE_113_length_20800_cov_38.230321	20800	0.4688572287559509	0.07787597250547625
Eukaroyte_NODE_97_length_38203_cov_16.555416	38203	0.7853147387504578	0.02656922728302742
Eukaroyte_NODE_105_length_32224_cov_16.829805	32224	0.5164909958839417	0.05544225394667271
Eukaroyte_NODE_114_length_19806_cov_22.810896	19806	0.46139174699783325	0.0806329783216255
Eukaroyte_NODE_98_length_37791_cov_45.584508	37791	0.7142386436462402	0.031932170103482135
Eukaroyte_NODE_106_length_30968_cov_17.394527	30968	0.20715591311454773	0.14466727094191403
Eukaroyte_NODE_115_length_19071_cov_40.175799	19071	0.5084166526794434	0.05767051892136869
Eukaroyte_NODE_107_length_27617_cov_18.987737	27617	0.8772431015968323	0.019563411133771434
Eukaroyte_NODE_99_length_37258_cov_37.517189	37258	0.6272982358932495	0.03939119268826951
Eukaroyte_NODE_116_length_17806_cov_37.240099	17806	0.6583460569381714	0.03648311806027646
Eukaroyte_NODE_108_length_26303_cov_40.432757	26303	0.5557155609130859	0.047567792129314904
Eukaroyte_NODE_117_length_17514_cov_17.488344	17514	0.5158430933952332	0.05559332275851651
Eukaroyte_NODE_100_length_36011_cov_17.448437	36011	0.6084184050559998	0.04137397084371931
Eukaroyte_NODE_118_length_17330_cov_17.847931	17330	0.5825822353363037	0.044300929073192837
Eukaroyte_NODE_109_length_24254_cov_23.419026	24254	0.5714313983917236	0.045452828763501776
Eukaroyte_NODE_101_length_35544_cov_37.653132	35544	0.44803979992866516	0.083956492182189
Eukaroyte_NODE_119_length_16954_cov_1253.843719	16954	0.9546132683753967	0.013086335825968728
Eukaroyte_NODE_110_length_22235_cov_37.050721	22235	0.7208986282348633	0.03134677845758743
Eukaroyte_NODE_120_length_16090_cov_88.672654	16090	0.7435088157653809	0.029628370722864266
Eukaroyte_NODE_135_length_8422_cov_16.826103	8422	0.36678844690322876	0.10440743258554272
Eukaroyte_NODE_128_length_12042_cov_17.568783	12042	0.46554651856422424	0.07925447541355088
Eukaroyte_NODE_121_length_15291_cov_20.709176	15291	0.37488502264022827	0.10253795603897575
Eukaroyte_NODE_136_length_8185_cov_36.407011	8185	0.6580410599708557	0.03652088526323741
Eukaroyte_NODE_129_length_11526_cov_18.875251	11526	0.623378336429596	0.03974998111639852
Eukaroyte_NODE_122_length_15277_cov_33.875378	15277	0.5572431087493896	0.04732230531006874
Eukaroyte_NODE_137_length_7706_cov_38.863286	7706	0.5813180208206177	0.044357579877634265
Eukaroyte_NODE_130_length_11504_cov_34.433313	11504	0.18642094731330872	0.15167308709117003
Eukaroyte_NODE_138_length_7340_cov_29.100618	7340	0.5607914924621582	0.04675579726565451
Eukaroyte_NODE_123_length_14931_cov_53.084902	14931	0.3086038827896118	0.11711609638190196
Eukaroyte_NODE_139_length_7114_cov_80.505029	7114	0.13860350847244263	0.17016013294055443
Eukaroyte_NODE_131_length_11340_cov_40.354364	11340	0.579369843006134	0.04452753229095853
Eukaroyte_NODE_124_length_14578_cov_20.429457	14578	0.6956066489219666	0.03340509101895914
Eukaroyte_NODE_140_length_6788_cov_18.442596	6788	0.6433578133583069	0.03763501775058539
Eukaroyte_NODE_132_length_11196_cov_20.577058	11196	0.4129062592983246	0.09328499131354331
Eukaroyte_NODE_125_length_14557_cov_20.323955	14557	0.5315701961517334	0.05217539089055065
Eukaroyte_NODE_141_length_6611_cov_61.095790	6611	0.5918528437614441	0.04343228340509102
Eukaroyte_NODE_133_length_11108_cov_1225.883651	11108	0.8597193956375122	0.020847496034443688
Eukaroyte_NODE_126_length_12934_cov_17.567668	12934	0.658461332321167	0.036445350857315505
Eukaroyte_NODE_142_length_6478_cov_266.232446	6478	0.1561993509531021	0.16239897273207946
Eukaroyte_NODE_134_length_9102_cov_16.501271	9102	0.24665221571922302	0.13326157564770752
Eukaroyte_NODE_127_length_12087_cov_24.843501	12087	0.3559954762458801	0.10663569756023869
Eukaroyte_NODE_143_length_6312_cov_23.863193	6312	0.7586053609848022	0.028797492257723392
Eukaroyte_NODE_149_length_4043_cov_89.289117	4043	0.8346441388130188	0.02258478737064733
Eukaroyte_NODE_156_length_2570_cov_25.913718	2570	0.5722615718841553	0.045339527154618926
Eukaroyte_NODE_150_length_3672_cov_69.175560	3672	0.3447827696800232	0.10888284613641513
Eukaroyte_NODE_157_length_2554_cov_151.211685	2554	0.08031409978866577	0.2033763879447088
Eukaroyte_NODE_144_length_5494_cov_18.700864	5494	0.2446098029613495	0.13367701488027797
Eukaroyte_NODE_151_length_3294_cov_31.270145	3294	0.15772193670272827	0.16166251227434097
Eukaroyte_NODE_158_length_2477_cov_34.905450	2477	0.01978139951825142	0.2953206435531385
Eukaroyte_NODE_145_length_5168_cov_25.225112	5168	0.9562299251556396	0.012840849006722561
Eukaroyte_NODE_152_length_3128_cov_41.838920	3128	0.5337769985198975	0.05162776644761689
Eukaroyte_NODE_159_length_2333_cov_109.316067	2333	0.854634165763855	0.021187400861092227
Eukaroyte_NODE_146_length_4919_cov_165.272615	4919	0.17392219603061676	0.15578971221391344
Eukaroyte_NODE_153_length_2987_cov_39.454297	2987	0.24609023332595825	0.13333711005362942
Eukaroyte_NODE_160_length_2260_cov_111.202721	2260	0.4475550651550293	0.08418309539995468
Eukaroyte_NODE_147_length_4870_cov_32.853583	4870	0.4929106533527374	0.067754362111942
Eukaroyte_NODE_154_length_2750_cov_39.347681	2750	0.6274324655532837	0.03939119268826951
Eukaroyte_NODE_161_length_1919_cov_77.533262	1919	0.09284252673387527	0.1940478888133545
Eukaroyte_NODE_148_length_4484_cov_2584.963874	4484	0.9999985694885254	0.0004343228340509102
Eukaroyte_NODE_155_length_2727_cov_35.000749	2727	0.9783351421356201	0.009517335146159076
Eukaroyte_NODE_163_length_1812_cov_146.121799	1812	0.8513948917388916	0.021432887680338394
Eukaroyte_NODE_162_length_1875_cov_17.626923	1875	0.7122406959533691	0.03208323891532593
Eukaroyte_NODE_170_length_1486_cov_178.160727	1486	0.1348600685596466	0.17180300626935568
Eukaroyte_NODE_164_length_1709_cov_46.610036	1709	0.9986675977706909	0.004059974318301986
Eukaroyte_NODE_177_length_1024_cov_96.047472	1024	0.4491921067237854	0.08371100536294282
Eukaroyte_NODE_165_length_1683_cov_122.695332	1683	0.008460714481770992	0.3555782158773321
Eukaroyte_NODE_171_length_1452_cov_155.084467	1452	0.5472054481506348	0.049229549059596645
Eukaroyte_NODE_166_length_1671_cov_41.024752	1671	0.6553939580917358	0.03669083767656167
Eukaroyte_NODE_172_length_1441_cov_25.279221	1441	0.0003137413877993822	0.5878276304856862
Eukaroyte_NODE_167_length_1615_cov_39.812821	1615	0.9331711530685425	0.015257949996223279
Eukaroyte_NODE_173_length_1317_cov_23.732171	1317	0.31524696946144104	0.11543545585013974
Eukaroyte_NODE_168_length_1608_cov_17.948487	1608	0.9288748502731323	0.015673389228793716
Eukaroyte_NODE_178_length_973_cov_38.535948	973	0.581646203994751	0.09914579766317334
Eukaroyte_NODE_174_length_1290_cov_197.672874	1290	0.373306006193161	0.1028778608656243
Eukaroyte_NODE_169_length_1552_cov_46.818303	1552	0.027090080082416534	0.27468086713497997
Eukaroyte_NODE_175_length_1186_cov_53.481874	1186	0.9484204649925232	0.013841679885187703
Eukaroyte_NODE_179_length_939_cov_163.152715	939	0.7633514404296875	0.05580537733541553
Eukaroyte_NODE_176_length_1086_cov_24.477207	1086	0.15641038119792938	0.16224790392023566
Eukaroyte_NODE_180_length_937_cov_159.276644	937	0.9339702129364014	0.023387081600782705
Eukaroyte_NODE_184_length_745_cov_16.172464	745	0.23081094026565552	0.29428587555739527
Eukaroyte_NODE_191_length_565_cov_18.429412	565	0.8156467080116272	0.04576755912623003
Eukaroyte_NODE_181_length_779_cov_30.519337	779	0.9999975562095642	8.466763250484487e-05
Eukaroyte_NODE_185_length_742_cov_73.011645	742	0.5827645063400269	0.0987506820448174
Eukaroyte_NODE_192_length_552_cov_23.064386	552	0.426089882850647	0.18447195619861145
Eukaroyte_NODE_182_length_772_cov_22.856346	772	0.2879767119884491	0.25882895256731075
Eukaroyte_NODE_186_length_740_cov_39.813139	740	0.16614887118339539	0.34264050123238443
Eukaroyte_NODE_193_length_540_cov_37.657732	540	0.4837596118450165	0.14997459971024854
Eukaroyte_NODE_183_length_753_cov_185.070201	753	0.8054649829864502	0.04773372970328699
Eukaroyte_NODE_187_length_721_cov_31.905405	721	0.3195347189903259	0.2412274925210258
Eukaroyte_NODE_194_length_514_cov_215.368192	514	0.6779449582099915	0.07316224199890872
Eukaroyte_NODE_188_length_634_cov_90.991364	634	0.005827282089740038	0.7103332141714802
Eukaroyte_NODE_195_length_508_cov_2440.384106	508	0.998404324054718	0.0029257370787785283
Eukaroyte_NODE_189_length_611_cov_32.001799	611	0.5035640597343445	0.13392537959321907
Eukaroyte_NODE_190_length_582_cov_68.973435	582	0.5692546963691711	0.10376488739204877
