name	len	score	pvalue
Bacteria_NZ_CP040586_29_length_14600_cov_133.691165	14600	0.271888792514801	0.12667119873102198
Bacteria_NZ_CP040586_25_length_19990_cov_137.529019	19990	0.292636901140213	0.1212138379031649
Bacteria_NZ_CP040586_21_length_43273_cov_134.444953	43273	0.3352343738079071	0.11120552911851349
Bacteria_NZ_CP040586_30_length_14110_cov_144.739879	14110	0.93775475025177	0.01495581237253569
Bacteria_NZ_CP040586_26_length_18737_cov_134.408896	18737	0.18325522541999817	0.1527305687740766
Bacteria_NZ_CP040586_17_length_62437_cov_135.109583	62437	0.2780056893825531	0.1252549286199864
Bacteria_NZ_CP040586_13_length_77729_cov_137.216894	77729	0.455913245677948	0.08212478283858297
Bacteria_NZ_CP040586_31_length_8573_cov_135.127964	8573	0.2445315420627594	0.13375254928619987
Bacteria_NZ_CP040586_9_length_115947_cov_136.791642	115947	0.5377749800682068	0.050834655185436964
Bacteria_NZ_CP040586_27_length_18090_cov_139.516329	18090	0.1641007512807846	0.1592642948863207
Bacteria_NZ_CP040586_22_length_37846_cov_135.480988	37846	0.24528977274894714	0.13352594606843418
Bacteria_NZ_CP040586_32_length_3246_cov_533.926982	3246	0.008218124508857727	0.35786313165646955
Bacteria_NZ_CP040586_5_length_132244_cov_136.134890	132244	0.6691900491714478	0.035671123196616056
Bacteria_NZ_CP040586_28_length_16020_cov_134.814469	16020	0.3156956732273102	0.11532215424125689
Bacteria_NZ_CP040586_33_length_1734_cov_546.375819	1734	0.03287700563669205	0.2623121081652693
Bacteria_NZ_CP040586_18_length_60655_cov_133.659043	60655	0.2624964714050293	0.12888058010423747
Bacteria_NZ_CP040586_23_length_33706_cov_134.949838	33706	0.3466506600379944	0.10859959211420803
Bacteria_NZ_CP040586_37_length_1643_cov_782.155542	1643	0.16809120774269104	0.1578857919782461
Bacteria_NZ_CP040586_34_length_1732_cov_138.156828	1732	0.00040333220385946333	0.5707190875443765
Bacteria_NZ_CP040586_14_length_75045_cov_135.893506	75045	0.4186244010925293	0.09215197522471485
Bacteria_NZ_CP040586_38_length_1549_cov_540.124498	1549	0.40685662627220154	0.09453130901125463
Bacteria_NZ_CP040586_35_length_1726_cov_789.314183	1726	0.9811193943023682	0.009158546718030063
Bacteria_NZ_CP040586_10_length_85688_cov_134.671318	85688	0.4264928698539734	0.0900558954603822
Bacteria_NZ_CP040586_24_length_26667_cov_138.530513	26667	0.25937768816947937	0.12984364377974167
Bacteria_NZ_CP040586_39_length_1497_cov_403.127601	1497	0.12265554815530777	0.1773925523075761
Bacteria_NZ_CP040586_36_length_1686_cov_397.458614	1686	0.9937378168106079	0.006590376916685551
Bacteria_NZ_CP040586_19_length_60639_cov_149.656477	60639	0.32842665910720825	0.11277286804139286
Bacteria_NZ_CP040586_15_length_71941_cov_135.289013	71941	0.5544701218605042	0.04775662814411965
Bacteria_NZ_CP040586_6_length_131318_cov_135.965527	131318	0.3607614040374756	0.10554044867437118
Bacteria_NZ_CP040586_11_length_80681_cov_135.810880	80681	0.2983561158180237	0.11970314978472694
Bacteria_NZ_CP040586_20_length_54453_cov_136.328064	54453	0.3432813882827759	0.1092794017675051
Bacteria_NZ_CP040586_16_length_69645_cov_134.946285	69645	0.2809891700744629	0.12432963214744316
Bacteria_NZ_CP040586_12_length_78315_cov_135.442090	78315	0.5102419853210449	0.057122894478434924
Bacteria_NZ_CP040586_7_length_118152_cov_136.980321	118152	0.5932825207710266	0.0432245637888058
Bacteria_NZ_CP040586_1_length_447240_cov_136.565587	447240	0.9009691476821899	0.017618400181282575
Bacteria_NZ_CP045702_6_length_211938_cov_9.784457	211938	0.9228607416152954	0.016069944859883677
Bacteria_NZ_CP045702_18_length_145808_cov_9.441583	145808	0.9069857597351074	0.01720296094871214
Bacteria_NZ_CP040586_8_length_116990_cov_136.834241	116990	0.4015083312988281	0.09623083314449732
Bacteria_NZ_CP045702_14_length_166993_cov_10.552475	166993	0.8504971265792847	0.021489538484779816
Bacteria_NZ_CP045702_10_length_198867_cov_10.122699	198867	0.8968783020973206	0.01795830500793111
Bacteria_NZ_CP045702_2_length_336720_cov_10.037607	336720	0.9328131675720215	0.015352368003625652
Bacteria_NZ_CP045702_1_length_365742_cov_10.071419	365742	0.9722549319267273	0.01044263161870232
Bacteria_NZ_CP045702_19_length_139351_cov_9.384907	139351	0.8163638710975647	0.02398217388020243
Bacteria_NZ_CP045702_22_length_132277_cov_9.730605	132277	0.8689950704574585	0.020205453584107563
Bacteria_NZ_CP045702_7_length_209979_cov_10.102061	209979	0.8948447704315186	0.018071606616813958
Bacteria_NZ_CP040586_2_length_291893_cov_136.380780	291893	0.7393714189529419	0.02994939194803233
Bacteria_NZ_CP045702_15_length_164971_cov_10.039875	164971	0.9447886943817139	0.014200468313316715
Bacteria_NZ_CP045702_11_length_188177_cov_10.054326	188177	0.9586451053619385	0.012557594984515447
Bacteria_NZ_CP045702_26_length_116824_cov_10.035909	116824	0.754793107509613	0.028986328272528138
Bacteria_NZ_CP045702_23_length_126553_cov_10.672509	126553	0.9068183898925781	0.017221844550192614
Prophage_NZ_CP045702_20_length_138240_cov_10.172349	138240	0.9364305734634399	0.015012463176977114
Bacteria_NZ_CP045702_3_length_288400_cov_10.028664	288400	0.9344297647476196	0.015201299191781857
Bacteria_NZ_CP045702_8_length_206785_cov_10.373308	206785	0.8533955216407776	0.021319586071455548
Bacteria_NZ_CP045702_27_length_105509_cov_9.876809	105509	0.6337788105010986	0.03876803383941385
Bacteria_NZ_CP045702_16_length_158583_cov_10.423162	158583	0.9510461091995239	0.013501775058539165
Bacteria_NZ_CP045702_12_length_181941_cov_10.036930	181941	0.977566123008728	0.009573985950600498
Bacteria_NZ_CP040586_3_length_182205_cov_135.831337	182205	0.4707832634449005	0.07721504645365965
Bacteria_NZ_CP045702_24_length_123489_cov_10.124982	123489	0.9343404769897461	0.015201299191781857
Bacteria_NZ_CP045702_21_length_134310_cov_10.676332	134310	0.6397849321365356	0.0381448749905582
Bacteria_NZ_CP045702_28_length_104508_cov_10.104018	104508	0.8759105205535889	0.019752247148576176
Bacteria_NZ_CP045702_17_length_145895_cov_10.435923	145895	0.9467889666557312	0.014068283102953395
Bacteria_NZ_CP040586_4_length_141630_cov_134.595592	141630	0.4304746985435486	0.08886622856711232
Bacteria_NZ_CP045702_25_length_122012_cov_9.723927	122012	0.9901382923126221	0.007345720975904525
Bacteria_NZ_CP045702_30_length_87339_cov_10.348529	87339	0.5655221343040466	0.04630259083012312
Bacteria_NZ_CP045702_4_length_262086_cov_10.001382	262086	0.9252191185951233	0.015918876048039883
Bacteria_NZ_CP045702_29_length_98500_cov_11.375357	98500	0.8379806876182556	0.022433718558803536
Bacteria_NZ_CP045702_9_length_204339_cov_11.431385	204339	0.929802656173706	0.015578971221391343
Bacteria_NZ_CP045702_13_length_169250_cov_10.374237	169250	0.9868332147598267	0.008119948636603973
Bacteria_NZ_CP045702_42_length_49086_cov_10.061145	49086	0.8241944313049316	0.023396782234307727
Bacteria_NZ_CP045702_38_length_53578_cov_9.349270	53578	0.6639518141746521	0.03602991162474507
Bacteria_NZ_CP045702_34_length_63993_cov_11.162486	63993	0.9177632331848145	0.01642873328801269
Bacteria_NZ_CP045702_54_length_38441_cov_9.693274	38441	0.1343463510274887	0.17197295868267995
Bacteria_NZ_CP045702_46_length_46693_cov_10.729534	46693	0.4805992543697357	0.07381599818717426
Bacteria_NZ_CP045702_50_length_40580_cov_9.527279	40580	0.47741925716400146	0.07494901427600272
Bacteria_NZ_CP045702_43_length_48732_cov_10.633749	48732	0.6547907590866089	0.0367474884810031
Bacteria_NZ_CP045702_39_length_53335_cov_10.186749	53335	0.9465423822402954	0.014068283102953395
Bacteria_NZ_CP045702_31_length_80786_cov_9.855012	80786	0.6995012760162354	0.03310295339527155
Bacteria_NZ_CP045702_55_length_35714_cov_9.493536	35714	0.5541813969612122	0.047832162550041545
Bacteria_NZ_CP045702_35_length_59623_cov_10.222653	59623	0.9159431457519531	0.016542034896895538
Bacteria_NZ_CP045702_51_length_39786_cov_9.455413	39786	0.30225884914398193	0.11862678450033991
Bacteria_NZ_CP045702_47_length_45320_cov_11.096255	45320	0.3613349199295044	0.10542714706548834
Bacteria_NZ_CP045702_44_length_48582_cov_9.800173	48582	0.7717431783676147	0.027664476168894933
Bacteria_NZ_CP045702_40_length_53215_cov_10.108032	53215	0.7807343006134033	0.026758063297832164
Bacteria_NZ_CP045702_56_length_35370_cov_10.413167	35370	0.7381551265716553	0.030024926353954227
Bacteria_NZ_CP045702_32_length_76752_cov_11.556893	76752	0.6023391485214233	0.042016013294055445
Bacteria_NZ_CP045702_52_length_39027_cov_10.052448	39027	0.254769504070282	0.13108996147745297
Bacteria_NZ_CP045702_48_length_42607_cov_10.695619	42607	0.8789724111557007	0.01933680791600574
Bacteria_NZ_CP045702_36_length_56382_cov_9.863529	56382	0.7933894991874695	0.025851650426769394
Bacteria_NZ_CP045702_45_length_47834_cov_10.048013	47834	0.4095757007598877	0.09383261575647707
Bacteria_NZ_CP045702_57_length_35142_cov_10.049221	35142	0.25901922583580017	0.12997582899010499
Bacteria_NZ_CP045702_41_length_52891_cov_9.746915	52891	0.4861527681350708	0.07111564317546643
Bacteria_NZ_CP045702_53_length_38478_cov_10.421805	38478	0.3503197431564331	0.10761764483722336
Bacteria_NZ_CP045702_49_length_41030_cov_9.602465	41030	0.930537223815918	0.015541204018430396
Bacteria_NZ_CP045702_58_length_34631_cov_10.832803	34631	0.38246989250183105	0.10076289749981117
Bacteria_NZ_CP045702_33_length_75145_cov_10.270023	75145	0.9057106375694275	0.01729737895611451
Bacteria_NZ_CP045702_37_length_55458_cov_9.791744	55458	0.8233120441436768	0.02345343303874915
Bacteria_NZ_CP045702_5_length_249074_cov_10.747320	249074	0.9549506902694702	0.013029685021527305
Bacteria_NZ_CP045702_59_length_34333_cov_9.790099	34333	0.7092086672782898	0.03244202734345494
Bacteria_NZ_CP045702_60_length_33935_cov_11.137869	33935	0.39892083406448364	0.09685399199335297
Bacteria_NZ_CP045702_61_length_33741_cov_10.424063	33741	0.34373247623443604	0.10912833295566131
Bacteria_NZ_CP045702_90_length_4846_cov_10.226466	4846	0.949299693107605	0.01378502908074628
Bacteria_NZ_CP045702_82_length_8565_cov_9.121152	8565	0.34150204062461853	0.1095815393911927
Bacteria_NZ_CP045702_86_length_5493_cov_10.982346	5493	0.13139668107032776	0.17316262557594986
Bacteria_NZ_CP045702_66_length_27241_cov_9.484698	27241	0.41384485363960266	0.0930772716972581
Bacteria_NZ_CP045702_78_length_18282_cov_9.593735	18282	0.13938310742378235	0.16968804290354256
Bacteria_NZ_CP045702_62_length_31199_cov_9.750257	31199	0.3325967788696289	0.11194198957625198
Bacteria_NZ_CP045702_74_length_24143_cov_10.127781	24143	0.6227997541427612	0.03976886471787899
Bacteria_NZ_CP045702_70_length_25328_cov_10.314921	25328	0.5776994228363037	0.04473525190724375
Bacteria_NZ_CP045702_91_length_4552_cov_13.182121	4552	0.4539234936237335	0.08242692046227057
Bacteria_NZ_CP045702_87_length_5476_cov_59.153477	5476	0.20822079479694366	0.1444029005211874
Bacteria_NZ_CP045702_83_length_7474_cov_9.328751	7474	0.624846339225769	0.0396933303119571
Bacteria_NZ_CP045702_92_length_4375_cov_11.048148	4375	0.9220629334449768	0.016183246468766524
Bacteria_NZ_CP045702_84_length_6933_cov_8.627944	6933	0.6671644449234009	0.035784424805498906
Bacteria_NZ_CP045702_88_length_5286_cov_11.277385	5286	0.15924674272537231	0.16102046982400484
Bacteria_NZ_CP045702_67_length_26065_cov_19.950827	26065	0.6556559801101685	0.0366719540750812
Bacteria_NZ_CP045702_79_length_17879_cov_12.145815	17879	0.9290148019790649	0.015654505627313242
Bacteria_NZ_CP045702_71_length_24694_cov_8.944641	24694	0.6932783126831055	0.03366946143968578
Bacteria_NZ_CP045702_75_length_21690_cov_10.383407	21690	0.4542118310928345	0.08238915325930962
Bacteria_NZ_CP045702_63_length_29947_cov_11.324200	29947	0.5171348452568054	0.05531006873630939
Bacteria_NZ_CP045702_93_length_3235_cov_10.162579	3235	0.05446968227624893	0.22888813354482967
Bacteria_NZ_CP045702_85_length_5836_cov_13.730496	5836	0.02919062413275242	0.2695822947352519
Bacteria_NZ_CP045702_89_length_5235_cov_8.676062	5235	0.4216158986091614	0.09149104917289826
Bacteria_NZ_CP045702_94_length_3145_cov_10.860518	3145	0.01982228457927704	0.2950940403353728
Bacteria_NZ_CP045702_80_length_17209_cov_10.855311	17209	0.37898582220077515	0.10174484477679584
Bacteria_NZ_CP045702_72_length_24633_cov_10.628163	24633	0.3752577006816864	0.10244353803157338
Bacteria_NZ_CP045702_76_length_21494_cov_9.988899	21494	0.18256543576717377	0.1529382883903618
Bacteria_NZ_CP045702_98_length_1687_cov_54.143995	1687	0.012199342250823975	0.32868796736913664
Bacteria_NZ_CP045702_68_length_25688_cov_9.342800	25688	0.8148664236068726	0.02413324269204623
Bacteria_NZ_CP045702_102_length_1494_cov_16.893676	1494	0.0013450825354084373	0.4879900294584183
Bacteria_NZ_CP045702_64_length_29727_cov_9.876314	29727	0.6486419439315796	0.037219578518014954
Bacteria_NZ_CP045702_95_length_2088_cov_24.240531	2088	0.8655713796615601	0.02041317320039278
Bacteria_NZ_CP045702_99_length_1676_cov_46.359655	1676	0.05329908803105354	0.2301155676410605
Bacteria_NZ_CP045702_81_length_14308_cov_8.875465	14308	0.2863779664039612	0.12302666364529043
Bacteria_NZ_CP045702_103_length_1470_cov_20.438869	1470	0.0019187040161341429	0.46234609864793413
Bacteria_NZ_CP045702_96_length_2012_cov_11.185999	2012	0.003633079119026661	0.4163456454414986
Bacteria_NZ_CP045702_77_length_19790_cov_11.680263	19790	0.36692649126052856	0.10438854898406225
Bacteria_NZ_CP045702_73_length_24371_cov_8.991857	24371	0.35944128036499023	0.10593700430546114
Bacteria_NZ_CP045702_100_length_1538_cov_40.775455	1538	0.44350337982177734	0.08527834428582219
Bacteria_NZ_CP045702_69_length_25442_cov_11.154685	25442	0.9090548157691956	0.01707077573834882
Bacteria_NZ_CP045702_104_length_1412_cov_94.649963	1412	0.004657164681702852	0.39802855200543846
Bacteria_NZ_CP045702_97_length_1829_cov_19.926156	1829	0.5148058533668518	0.05585769317924315
Bacteria_NZ_CP045702_65_length_29671_cov_10.805443	29671	0.20686088502407074	0.14474280534783593
Bacteria_NZ_CP053707_10_length_2979_cov_205.680233	2979	6.787629536120221e-05	0.6816791298436438
Bacteria_NZ_CP045702_101_length_1535_cov_79.219595	1535	0.02617223933339119	0.2769657829141174
Bacteria_NZ_CP053841_12_length_6054_cov_137.159027	6054	0.21669036149978638	0.14119268826950676
Bacteria_NZ_CP053841_16_length_2815_cov_64.026087	2815	0.912330150604248	0.016844172520583126
Bacteria_NZ_CP053841_13_length_5133_cov_43.045884	5133	0.7872453927993774	0.026304856862300777
Bacteria_NZ_CP053841_17_length_1913_cov_84.000538	1913	0.08759540319442749	0.19773019110204698
Bacteria_NZ_CP053841_14_length_4201_cov_51.594549	4201	0.2731182277202606	0.12642571191177582
Bacteria_NZ_CP053841_8_length_83757_cov_47.014647	83757	0.3387046754360199	0.11037465065337261
Bacteria_NZ_CP053841_18_length_1853_cov_87.746941	1853	0.9917340874671936	0.007043583352216934
Bacteria_NZ_CP053841_15_length_4080_cov_69.771925	4080	0.9903733730316162	0.007307953772943576
Bacteria_NZ_CP053841_19_length_1385_cov_88.493233	1385	0.49534347653388977	0.06669688042903543
Bacteria_NZ_CP053841_9_length_73818_cov_44.830904	73818	0.4560689926147461	0.08206813203414155
Bacteria_NZ_CP053841_4_length_152778_cov_46.375176	152778	0.7844158411026001	0.026606994485988366
Bacteria_NZ_CP053841_10_length_73302_cov_46.426584	73302	0.5880838632583618	0.04369665382581766
Bacteria_NZ_CP053707_6_length_269279_cov_195.141496	269279	0.9869146943092346	0.008101065035123499
Bacteria_NZ_CP053841_5_length_126050_cov_51.146538	126050	0.8664609789848328	0.02037540599743183
Bacteria_NZ_CP053841_11_length_38554_cov_45.796177	38554	0.7917776107788086	0.02600271923861319
Bacteria_NZ_CP053707_7_length_99266_cov_195.307547	99266	0.8695191740989685	0.02016768638114661
Bacteria_NZ_CP053841_6_length_109957_cov_46.097978	109957	0.5281543135643005	0.052817433340886774
Bacteria_NZ_CP053707_8_length_19023_cov_200.446647	19023	0.4809081554412842	0.07366492937533047
Bacteria_NZ_CP053707_9_length_5563_cov_382.048112	5563	0.09789639711380005	0.1907810257572324
Bacteria_NZ_CP053841_1_length_418028_cov_45.516471	418028	0.6933456659317017	0.03363169423672483
Bacteria_NZ_CP053841_7_length_106321_cov_47.402763	106321	0.3895660638809204	0.09904448976508799
Bacteria_NZ_CP053929_5_length_401809_cov_13.862458	401809	0.34250950813293457	0.10950600498527079
Bacteria_NZ_CP053929_9_length_267298_cov_13.752110	267298	0.36800500750541687	0.10406752775889418
Bacteria_NZ_CP053929_13_length_177833_cov_13.937816	177833	0.19755327701568604	0.1474998111639852
Bacteria_NZ_CP053929_17_length_127078_cov_13.620667	127078	0.060731254518032074	0.22220333862074174
Bacteria_NZ_CP053929_14_length_136543_cov_13.363307	136543	0.1098879799246788	0.1839451620213007
Bacteria_NZ_CP053929_18_length_124058_cov_13.185084	124058	0.2021561712026596	0.14614019185739105
Bacteria_NZ_CP053929_10_length_241769_cov_13.755649	241769	0.2778823971748352	0.12529269582294736
Bacteria_NZ_CP053841_2_length_392622_cov_45.678587	392622	0.7061685919761658	0.03259309615529874
Bacteria_NZ_CP053929_15_length_135256_cov_13.885075	135256	0.18720707297325134	0.15137094946748245
Bacteria_NZ_CP053929_6_length_380072_cov_13.852096	380072	0.6240007281303406	0.03971221391343757
Bacteria_NZ_CP053929_19_length_120917_cov_13.764798	120917	0.23808354139328003	0.13560314223128636
Bacteria_NZ_CP053707_2_length_886993_cov_196.666677	886993	0.9954429864883423	0.005986101669310371
Bacteria_NZ_CP053929_20_length_114901_cov_13.716690	114901	0.16069293022155762	0.1606050305914344
Bacteria_NZ_CP053929_16_length_132536_cov_13.376446	132536	0.1982015073299408	0.14732985875066093
Bacteria_NZ_CP053929_11_length_199020_cov_13.713502	199020	0.3124604821205139	0.11637963592416346
Bacteria_NZ_CP053929_25_length_85865_cov_14.607656	85865	0.09117268770933151	0.19525643930810485
Bacteria_NZ_CP053841_3_length_258338_cov_44.788840	258338	0.7819290161132812	0.026682528891910265
Bacteria_NZ_CP053929_21_length_105074_cov_13.739371	105074	0.09865372627973557	0.1904222373291034
Bacteria_NZ_CP053929_1_length_820990_cov_13.610229	820990	0.7701928615570068	0.027815544980738727
Bacteria_NZ_CP053929_26_length_84930_cov_14.848648	84930	0.14606919884681702	0.1664967142533424
Bacteria_NZ_CP053929_7_length_315953_cov_13.630634	315953	0.49262887239456177	0.06794319812674673
Bacteria_NZ_CP053929_22_length_97835_cov_13.696594	97835	0.12141832709312439	0.17811012916383412
Bacteria_NZ_CP053929_12_length_181447_cov_13.957622	181447	0.16946591436862946	0.1574514691441952
Bacteria_NZ_CP053929_27_length_76340_cov_13.278469	76340	0.058404311537742615	0.2246770904146839
Bacteria_NZ_CP053929_23_length_94112_cov_13.753128	94112	0.13188506662845612	0.17299267316262557
Bacteria_NZ_CP053929_28_length_52484_cov_14.443209	52484	0.05899229645729065	0.2240728151673087
Bacteria_NZ_CP053929_24_length_86122_cov_14.263214	86122	0.11697059869766235	0.18031951053704962
Bacteria_NZ_CP053707_3_length_491448_cov_196.824499	491448	0.9919123649597168	0.006968048946295037
Bacteria_NZ_CP053929_8_length_306588_cov_13.893180	306588	0.37828338146209717	0.10185814638567868
Bacteria_NZ_CP053707_1_length_1562442_cov_196.895973	1562442	0.9829611778259277	0.008875292695822948
Bacteria_NZ_CP053929_2_length_585458_cov_13.815122	585458	0.6236052513122559	0.039731097514918046
Bacteria_NZ_CP053707_4_length_450342_cov_195.433421	450342	0.9840257167816162	0.008686456681018204
Bacteria_NZ_CP053929_3_length_412769_cov_13.803896	412769	0.5768724083900452	0.04482966991464612
Bacteria_NZ_CP053707_5_length_282678_cov_195.217820	282678	0.9605178833007812	0.01231210816526928
Bacteria_NZ_CP053929_4_length_410361_cov_13.938424	410361	0.582602322101593	0.04428204547171236
Bacteria_NZ_CP053929_45_length_4280_cov_13.919290	4280	0.08678314834833145	0.19829669914646122
Bacteria_NZ_CP053929_49_length_1399_cov_31.465030	1399	0.289825975894928	0.12202583276682528
Bacteria_NZ_CP053929_41_length_11592_cov_15.733553	11592	0.02896735444664955	0.27001661756930284
Bacteria_NZ_CP053929_37_length_18054_cov_14.122340	18054	0.024706169962882996	0.28053478359392703
Bacteria_NZ_CP053929_46_length_3396_cov_82.595031	3396	0.056359272450208664	0.22692423899086034
Bacteria_NZ_CP053929_50_length_1082_cov_14.948393	1082	0.0017953193746507168	0.4672180678298965
Bacteria_NZ_CP053929_33_length_44067_cov_12.969531	44067	0.057293809950351715	0.22586675730795377
Bacteria_NZ_CP053929_42_length_9711_cov_12.946251	9711	0.03859894350171089	0.2515484553213989
Bacteria_NZ_CP053929_47_length_2114_cov_9.161243	2114	0.000958927848841995	0.5120666213460231
Bacteria_NZ_CP053929_29_length_51084_cov_14.123890	51084	0.10987423360347748	0.1839451620213007
Bacteria_NZ_CP053929_38_length_17818_cov_13.266396	17818	0.018151110038161278	0.3013256288239293
Bacteria_NZ_CP053929_43_length_7070_cov_13.784034	7070	0.007524475455284119	0.36413248734798703
Bacteria_NZ_CP053929_48_length_1777_cov_90.198026	1777	0.0032178591936826706	0.4250509857239973
Bacteria_NZ_CP053929_34_length_33179_cov_13.719418	33179	0.027291882783174515	0.2741710098950072
Bacteria_NZ_CP053929_44_length_4554_cov_13.967326	4554	0.07460261881351471	0.2083238915325931
Bacteria_NZ_CP053929_39_length_16049_cov_13.607165	16049	0.28127676248550415	0.12427298134300174
Bacteria_NZ_CP053929_30_length_50842_cov_14.121744	50842	0.07729652523994446	0.20579348893420954
Bacteria_NZ_CP053929_40_length_15843_cov_14.028946	15843	0.02304094471037388	0.2851046151522018
Bacteria_NZ_CP053929_35_length_22496_cov_15.551491	22496	0.1029115542769432	0.18809955434700507
Bacteria_NZ_CP054920_7_length_164849_cov_7.044104	164849	0.9564539194107056	0.012803081803761614
Bacteria_NZ_CP053929_36_length_21653_cov_13.566071	21653	0.068785160779953	0.21346023113528212
Bacteria_NZ_CP054920_3_length_187111_cov_6.667976	187111	0.9510661363601685	0.013501775058539165
Bacteria_NZ_CP053929_31_length_48950_cov_13.703058	48950	0.4664011597633362	0.07893345418838281
Bacteria_NZ_CP054920_11_length_131121_cov_6.567958	131121	0.9394898414611816	0.014804743560691894
Bacteria_NZ_CP054920_15_length_121522_cov_6.534944	121522	0.832094132900238	0.02281139058841302
Bacteria_NZ_CP053929_32_length_48639_cov_13.821279	48639	0.1084483414888382	0.18471938968200016
Bacteria_NZ_CP054920_1_length_224646_cov_6.367263	224646	0.9466075897216797	0.014068283102953395
Bacteria_NZ_CP054920_19_length_119873_cov_6.594785	119873	0.9094828367233276	0.01707077573834882
Bacteria_NZ_CP054920_23_length_103270_cov_6.517221	103270	0.87546706199646	0.019790014351537124
Bacteria_NZ_CP054920_8_length_161111_cov_6.467036	161111	0.9407440423965454	0.014748092756250473
Bacteria_NZ_CP054920_12_length_129749_cov_6.692939	129749	0.8142471313476562	0.024171009895007176
Bacteria_NZ_CP054920_27_length_94442_cov_6.711581	94442	0.9093636870384216	0.01707077573834882
Bacteria_NZ_CP054920_16_length_120837_cov_6.427290	120837	0.9650033712387085	0.011632298511972203
Bacteria_NZ_CP054920_24_length_102756_cov_6.597044	102756	0.7700233459472656	0.027815544980738727
Bacteria_NZ_CP054920_4_length_182196_cov_6.888789	182196	0.975121259689331	0.009895007175768562
Bacteria_NZ_CP054920_20_length_116511_cov_6.765997	116511	0.8981255292892456	0.017750585391645896
Bacteria_NZ_CP054920_2_length_216172_cov_6.719060	216172	0.9275944232940674	0.015805574439157036
Bacteria_NZ_CP054920_28_length_89657_cov_6.421453	89657	0.9232238531112671	0.016013294055442252
Bacteria_NZ_CP054920_9_length_145449_cov_6.958403	145449	0.9427046179771423	0.014483722335523832
Bacteria_NZ_CP054920_25_length_102501_cov_6.556908	102501	0.8416305780410767	0.022131580935115944
Bacteria_NZ_CP054920_13_length_127371_cov_6.598794	127371	0.7564335465431213	0.02887302666364529
Bacteria_NZ_CP054920_17_length_120567_cov_6.578374	120567	0.9405114054679871	0.014804743560691894
Bacteria_NZ_CP054920_21_length_114763_cov_6.649170	114763	0.7371125817298889	0.030024926353954227
Bacteria_NZ_CP054920_31_length_85134_cov_6.391107	85134	0.73531574010849	0.03008157715839565
Bacteria_NZ_CP054920_29_length_87399_cov_6.537759	87399	0.8980191349983215	0.01776946899312637
Bacteria_NZ_CP054920_5_length_176130_cov_6.440074	176130	0.8532408475875854	0.02133846967293602
Bacteria_NZ_CP054920_26_length_101430_cov_6.502333	101430	0.9470407962799072	0.014068283102953395
Bacteria_NZ_CP054920_14_length_126172_cov_6.510938	126172	0.9751812219619751	0.009895007175768562
Bacteria_NZ_CP054920_10_length_137331_cov_6.392523	137331	0.9010995626449585	0.017618400181282575
Bacteria_NZ_CP054920_32_length_80938_cov_6.859723	80938	0.9227384924888611	0.016069944859883677
Bacteria_NZ_CP054920_18_length_120139_cov_6.713326	120139	0.9370148181915283	0.014974695974016164
Bacteria_NZ_CP054920_22_length_106820_cov_6.479876	106820	0.9221733212471008	0.01616436286728605
Bacteria_NZ_CP054920_30_length_86288_cov_6.751986	86288	0.9428234100341797	0.014464838734043356
Bacteria_NZ_CP054920_35_length_77406_cov_6.878786	77406	0.743388295173645	0.029628370722864266
Bacteria_NZ_CP054920_39_length_71080_cov_6.428680	71080	0.7645521759986877	0.028249867814789636
Bacteria_NZ_CP054920_47_length_56297_cov_6.905035	56297	0.8018398284912109	0.025077422766069946
Bacteria_NZ_CP054920_43_length_62072_cov_6.623732	62072	0.7047803401947021	0.032611979756779215
Bacteria_NZ_CP054920_55_length_52489_cov_6.552085	52489	0.9081465005874634	0.017108542941309767
Bacteria_NZ_CP054920_51_length_55067_cov_6.869083	55067	0.9242213368415833	0.01595664325100083
Bacteria_NZ_CP054920_6_length_174748_cov_6.674915	174748	0.9847118854522705	0.008592038673615831
Bacteria_NZ_CP054920_33_length_80102_cov_6.295264	80102	0.6901343464851379	0.03397159906337337
Bacteria_NZ_CP054920_36_length_74250_cov_6.536006	74250	0.942434549331665	0.01452148953848478
Bacteria_NZ_CP054920_56_length_52104_cov_6.851755	52104	0.6319607496261597	0.03891910265125765
Bacteria_NZ_CP054920_40_length_65796_cov_6.705420	65796	0.8216380476951599	0.023566734647631996
Bacteria_NZ_CP054920_44_length_60648_cov_6.173716	60648	0.5386940836906433	0.050645819170632225
Bacteria_NZ_CP054920_48_length_56186_cov_6.604372	56186	0.5132834911346436	0.056254248810333106
Bacteria_NZ_CP054920_52_length_54523_cov_6.620089	54523	0.7965759038925171	0.025606163607523227
Bacteria_NZ_CP054920_59_length_48802_cov_6.395450	48802	0.7909279465675354	0.02609713724601556
Bacteria_NZ_CP054920_34_length_79701_cov_6.772569	79701	0.8502056002616882	0.02150842208626029
Bacteria_NZ_CP054920_37_length_73259_cov_6.531556	73259	0.9244158267974854	0.01595664325100083
Bacteria_NZ_CP054920_57_length_50703_cov_6.245913	50703	0.6851171255111694	0.034311503890021904
Bacteria_NZ_CP054920_53_length_53384_cov_6.391719	53384	0.6759114861488342	0.035104615152201826
Bacteria_NZ_CP054920_60_length_47074_cov_6.641294	47074	0.7834559679031372	0.026625878087468843
Bacteria_NZ_CP054920_45_length_58836_cov_6.528912	58836	0.7253450751304626	0.03104464083389984
Bacteria_NZ_CP054920_49_length_55914_cov_7.344850	55914	0.7897961139678955	0.02613490444897651
Bacteria_NZ_CP054920_41_length_63864_cov_6.645269	63864	0.851395308971405	0.021432887680338394
Bacteria_NZ_CP054920_63_length_44852_cov_6.561243	44852	0.9429962635040283	0.014445955132562882
Bacteria_NZ_CP054920_58_length_49890_cov_6.306391	49890	0.607781708240509	0.041449505249641215
Bacteria_NZ_CP054920_38_length_72715_cov_6.828200	72715	0.8993610143661499	0.017712818188684944
Bacteria_NZ_CP054920_54_length_52892_cov_6.276965	52892	0.5538729429244995	0.047888813354482966
Bacteria_NZ_CP054920_61_length_45901_cov_6.384265	45901	0.5514610409736633	0.048398670594455774
Bacteria_NZ_CP054920_50_length_55363_cov_6.855030	55363	0.7940065860748291	0.02579499962232797
Bacteria_NZ_CP054920_42_length_63345_cov_6.711171	63345	0.48069947957992554	0.07374046378125236
Bacteria_NZ_CP054920_46_length_57748_cov_6.784601	57748	0.6456948518753052	0.037483948938741594
Bacteria_NZ_CP054920_64_length_44675_cov_6.163223	44675	0.585159420967102	0.0439610242465443
Bacteria_NZ_CP054920_67_length_40658_cov_6.841563	40658	0.2113291323184967	0.14334541883828084
Bacteria_NZ_CP054920_75_length_36808_cov_6.381248	36808	0.9471222758293152	0.014049399501472921
Bacteria_NZ_CP054920_71_length_38759_cov_6.860040	38759	0.5762552618980408	0.04486743711760707
Bacteria_NZ_CP054920_62_length_45220_cov_6.179055	45220	0.8320831060409546	0.02281139058841302
Bacteria_NZ_CP054920_65_length_42052_cov_6.618354	42052	0.740469217300415	0.029892741143590907
Bacteria_NZ_CP054920_68_length_39959_cov_6.843575	39959	0.7289844155311584	0.030704736007251304
Bacteria_NZ_CP054920_76_length_36130_cov_6.242356	36130	0.7559142112731934	0.028948561069567186
Bacteria_NZ_CP054920_72_length_38386_cov_6.670345	38386	0.58360755443573	0.044149860261349046
Bacteria_NZ_CP054920_66_length_41474_cov_6.135711	41474	0.41288360953330994	0.09330387491502379
Bacteria_NZ_CP054920_77_length_33925_cov_6.504635	33925	0.917542040348053	0.01646650049097364
Bacteria_NZ_CP054920_73_length_38020_cov_6.277045	38020	0.2305392622947693	0.13741596797341188
Bacteria_NZ_CP054920_69_length_39661_cov_6.643690	39661	0.6051246523857117	0.041713875670367856
Bacteria_NZ_CP054920_78_length_33848_cov_6.421093	33848	0.2820330858230591	0.12408414532819699
Bacteria_NZ_CP054920_74_length_37980_cov_6.773527	37980	0.7453758716583252	0.029496185512500946
Bacteria_NZ_CP054920_70_length_38931_cov_6.927873	38931	0.842406153678894	0.022037162927713575
Bacteria_NZ_CP054920_107_length_20583_cov_6.596795	20583	0.9089746475219727	0.017089659339829293
Bacteria_NZ_CP054920_95_length_27056_cov_5.518314	27056	0.4601237177848816	0.08097288314827404
Bacteria_NZ_CP054920_87_length_31266_cov_6.693025	31266	0.5885879993438721	0.04360223581841529
Bacteria_NZ_CP054920_91_length_29491_cov_6.502480	29491	0.8647346496582031	0.0205453584107561
Bacteria_NZ_CP054920_83_length_32769_cov_6.687626	32769	0.812759280204773	0.024227660699448598
Bacteria_NZ_CP054920_99_length_24704_cov_5.983285	24704	0.5820897221565247	0.044300929073192837
Bacteria_NZ_CP054920_79_length_33765_cov_6.662682	33765	0.8880863189697266	0.018694765465669613
Bacteria_NZ_CP054920_103_length_21890_cov_6.508954	21890	0.5202059745788574	0.05444142306820757
Bacteria_NZ_CP054920_108_length_19665_cov_6.656298	19665	0.48742854595184326	0.07053025152957172
Bacteria_NZ_CP054920_92_length_28645_cov_6.344561	28645	0.7118281126022339	0.03215877332124783
Bacteria_NZ_CP054920_84_length_32283_cov_6.279043	32283	0.4079788625240326	0.09428582219200846
Bacteria_NZ_CP054920_96_length_26768_cov_5.738704	26768	0.6498668193817139	0.03714404411209306
Bacteria_NZ_CP054920_104_length_21729_cov_6.851527	21729	0.43388426303863525	0.08786539768864718
Bacteria_NZ_CP054920_100_length_24342_cov_6.603862	24342	0.5835356116294861	0.044149860261349046
Bacteria_NZ_CP054920_88_length_31076_cov_6.400309	31076	0.6691946983337402	0.035671123196616056
Bacteria_NZ_CP054920_80_length_33012_cov_6.587189	33012	0.8278321027755737	0.023170179016542034
Bacteria_NZ_CP054920_109_length_19133_cov_6.552521	19133	0.4109835624694824	0.09349271092982854
Bacteria_NZ_CP054920_93_length_28140_cov_6.773545	28140	0.972124457359314	0.010480398821663267
Bacteria_NZ_CP054920_101_length_23251_cov_6.918607	23251	0.5356771349906921	0.051268978019487876
Bacteria_NZ_CP054920_97_length_26673_cov_7.130626	26673	0.5900695323944092	0.043507817811012914
Bacteria_NZ_CP054920_105_length_21405_cov_6.703138	21405	0.5336301326751709	0.051684417252058315
Bacteria_NZ_CP054920_85_length_31674_cov_6.532148	31674	0.8580942153930664	0.02094191404184606
Bacteria_NZ_CP054920_89_length_30011_cov_6.490152	30011	0.4992066025733948	0.06380768940252285
Bacteria_NZ_CP054920_81_length_32891_cov_6.223840	32891	0.4461117684841156	0.0845418838280837
Bacteria_NZ_CP054920_110_length_18419_cov_7.050261	18419	0.2880066931247711	0.12247903920235667
Bacteria_NZ_CP054920_102_length_21898_cov_6.550565	21898	0.8312832117080688	0.022905808595815393
Bacteria_NZ_CP054920_98_length_26025_cov_6.845630	26025	0.5721567869186401	0.04537729435757988
Bacteria_NZ_CP054920_94_length_27785_cov_6.126073	27785	0.4360087513923645	0.08728000604275248
Bacteria_NZ_CP054920_106_length_21104_cov_6.326714	21104	0.3540499806404114	0.10708890399577008
Bacteria_NZ_CP054920_111_length_18221_cov_6.128977	18221	0.6356928944587708	0.03857919782460911
Bacteria_NZ_CP054920_86_length_31392_cov_7.071609	31392	0.6664491891860962	0.035822192008459854
Bacteria_NZ_CP054920_90_length_29866_cov_6.406628	29866	0.609254002571106	0.04129843643779742
Bacteria_NZ_CP054920_82_length_32770_cov_6.445514	32770	0.2666682004928589	0.12772868041392854
Bacteria_NZ_CP054920_115_length_17555_cov_6.628457	17555	0.5007370114326477	0.0616360752322683
Bacteria_NZ_CP054920_112_length_18028_cov_6.276804	18028	0.25831377506256104	0.13016466500490972
Bacteria_NZ_CP054920_127_length_15055_cov_6.104067	15055	0.32042810320854187	0.11439685776871365
Bacteria_NZ_CP054920_123_length_15785_cov_6.183153	15785	0.38406234979629517	0.10025304025983836
Bacteria_NZ_CP054920_119_length_16308_cov_6.440103	16308	0.8648884296417236	0.02050759120779515
Bacteria_NZ_CP054920_135_length_12420_cov_6.173554	12420	0.23000138998031616	0.13760480398821665
Bacteria_NZ_CP054920_131_length_13960_cov_6.826106	13960	0.2855444550514221	0.12321549966009518
Bacteria_NZ_CP054920_139_length_10838_cov_5.619772	10838	0.9889578819274902	0.007610091396631166
Bacteria_NZ_CP054920_116_length_16694_cov_7.015446	16694	0.6892062425613403	0.03404713346929526
Bacteria_NZ_CP054920_128_length_14282_cov_6.018064	14282	0.27876728773117065	0.12510385980814262
Bacteria_NZ_CP054920_124_length_15776_cov_6.327969	15776	0.44146794080734253	0.0858637359317169
Bacteria_NZ_CP054920_140_length_10520_cov_6.204013	10520	0.296697199344635	0.120024171009895
Bacteria_NZ_CP054920_136_length_11989_cov_6.615133	11989	0.7111005783081055	0.03221542412568925
Bacteria_NZ_CP054920_113_length_17843_cov_6.172363	17843	0.1552743762731552	0.16283329556613038
Bacteria_NZ_CP054920_132_length_13695_cov_5.704179	13695	0.44087472558021545	0.08607145554800212
Bacteria_NZ_CP054920_120_length_16215_cov_5.975990	16215	0.693181574344635	0.03368834504116625
Bacteria_NZ_CP054920_141_length_9961_cov_6.496770	9961	0.1431400179862976	0.16768638114661227
Bacteria_NZ_CP054920_125_length_15763_cov_6.896995	15763	0.7926425933837891	0.025946068434171764
Bacteria_NZ_CP054920_117_length_16690_cov_6.129486	16690	0.1613619327545166	0.16034066017070775
Bacteria_NZ_CP054920_137_length_11739_cov_6.607925	11739	0.4551125466823578	0.08227585165042677
Bacteria_NZ_CP054920_129_length_14066_cov_6.769538	14066	0.4660220742225647	0.0790845230002266
Bacteria_NZ_CP054920_114_length_17584_cov_7.032974	17584	0.22099950909614563	0.14017297378956114
Bacteria_NZ_CP054920_133_length_13253_cov_6.525458	13253	0.5430845618247986	0.05000377672029609
Bacteria_NZ_CP054920_121_length_16011_cov_5.641765	16011	0.45289647579193115	0.08280459249188005
Bacteria_NZ_CP054920_142_length_9640_cov_6.178612	9640	0.6052837371826172	0.041694992068887375
Bacteria_NZ_CP054920_138_length_10843_cov_6.494994	10843	0.8171882033348083	0.023944406677241483
Bacteria_NZ_CP054920_126_length_15454_cov_5.818560	15454	0.46881160140037537	0.07793262330991767
Bacteria_NZ_CP054920_130_length_13980_cov_6.930557	13980	0.13989779353141785	0.16934813807689403
Bacteria_NZ_CP054920_118_length_16580_cov_5.918245	16580	0.47151944041252136	0.07696955963441347
Bacteria_NZ_CP054920_143_length_9588_cov_6.833106	9588	0.07086101174354553	0.21174182340055894
Bacteria_NZ_CP054920_134_length_12713_cov_6.798151	12713	0.2068253755569458	0.14478057255079688
Bacteria_NZ_CP054920_147_length_8042_cov_5.748466	8042	0.15883809328079224	0.16113377143288768
Bacteria_NZ_CP054920_151_length_5587_cov_5.875813	5587	0.1331002414226532	0.17244504871969182
Bacteria_NZ_CP054920_163_length_2644_cov_5.674778	2644	0.00893121026456356	0.35204698240048343
Bacteria_NZ_CP054920_122_length_15951_cov_6.037745	15951	0.12943819165229797	0.17403127124405166
Bacteria_NZ_CP054920_159_length_3310_cov_6.603072	3310	0.0003243472019676119	0.5859015031346778
Bacteria_NZ_CP054920_155_length_4754_cov_6.228985	4754	0.12004163861274719	0.17880882241861168
Bacteria_NZ_CP054920_167_length_1352_cov_15.010023	1352	2.4624245043014525e-07	0.9103784273736687
Bacteria_NZ_CP054920_144_length_9368_cov_6.512939	9368	0.2848523259162903	0.12342321927638039
Bacteria_NZ_CP054920_164_length_2132_cov_8.619162	2132	0.5598535537719727	0.046850215273056876
Bacteria_NZ_CP054920_148_length_7139_cov_6.742660	7139	0.17042267322540283	0.15701714631014427
Bacteria_NZ_CP054920_171_length_1051_cov_4.830018	1051	0.006968943867832422	0.3690044565299494
Bacteria_NZ_CP054920_152_length_5370_cov_42.106679	5370	0.16800251603126526	0.15792355918120704
Bacteria_NZ_CP054920_160_length_3126_cov_4.893846	3126	8.475939949903477e-09	0.9664249565677165
Bacteria_NZ_CP054920_168_length_1278_cov_6.753066	1278	0.0012278263457119465	0.49424050154845534
Bacteria_NZ_CP054920_156_length_4011_cov_5.875885	4011	0.003154105506837368	0.42646725583503287
Bacteria_NZ_CP054920_165_length_2100_cov_6.099267	2100	0.0005762545624747872	0.5465858448523302
Bacteria_NZ_CP054920_145_length_9269_cov_5.524528	9269	0.2393740713596344	0.1351310521942745
Bacteria_NZ_CP054920_153_length_4883_cov_6.979702	4883	0.899132251739502	0.017712818188684944
Bacteria_NZ_CP054920_161_length_2887_cov_6.450212	2887	0.20158205926418304	0.14631014427071531
Bacteria_NZ_CP054920_149_length_6541_cov_6.208757	6541	0.00021441240096464753	0.611224412719994
Bacteria_NZ_CP054920_169_length_1179_cov_16.457295	1179	0.001994355348870158	0.45953244202734345
Bacteria_NZ_CP054920_166_length_1973_cov_17.644421	1973	3.885249455493067e-08	0.9473147518694766
Bacteria_NZ_CP054920_157_length_3972_cov_6.319888	3972	8.442881517112255e-05	0.668592794017675
Bacteria_NZ_CP054920_154_length_4866_cov_5.422573	4866	0.008830774575471878	0.3526512576478586
Bacteria_NZ_CP054920_162_length_2843_cov_4.611191	2843	0.2083430290222168	0.14434624971674598
Bacteria_NZ_CP054920_146_length_8939_cov_5.214093	8939	0.8161262273788452	0.024001057481682908
Bacteria_NZ_CP054920_170_length_1123_cov_5.756554	1123	0.007711827289313078	0.3622252435984591
Bacteria_NZ_CP054920_150_length_6219_cov_5.510707	6219	0.023375358432531357	0.2842926202885414
Bacteria_NZ_CP054920_158_length_3886_cov_5.064735	3886	0.00022120864014141262	0.6092038673615832
Bacteria_NZ_CP058259_1_length_95514_cov_5.077583	95514	0.7619286775588989	0.028570889039957702
Bacteria_NZ_CP058259_4_length_55354_cov_4.867556	55354	0.5951506495475769	0.04297907696955963
Bacteria_NZ_CP058259_5_length_52972_cov_4.940076	52972	0.5971843600273132	0.042733590150313465
Bacteria_NZ_CP058259_2_length_74257_cov_5.018463	74257	0.8328008055686951	0.022773623385452073
Bacteria_NZ_CP058259_6_length_48255_cov_5.298216	48255	0.7173925638198853	0.03161114887831407
Bacteria_NZ_CP058259_3_length_65691_cov_5.088534	65691	0.6352559924125671	0.038635848629050534
Bacteria_NZ_CP058259_7_length_46000_cov_4.920340	46000	0.9707379341125488	0.010688118437948485
Bacteria_NZ_CP058259_32_length_28674_cov_5.182326	28674	0.8265119791030884	0.023264597023944407
Bacteria_NZ_CP058259_20_length_35240_cov_5.005116	35240	0.6532775163650513	0.03680413928544452
Bacteria_NZ_CP058259_24_length_34317_cov_5.744352	34317	0.24927456676959991	0.1325439987914495
Bacteria_NZ_CP058259_36_length_27380_cov_5.132882	27380	0.6351302862167358	0.03865473223053101
Bacteria_NZ_CP058259_12_length_40224_cov_4.903906	40224	0.3521459102630615	0.10733439081501624
Bacteria_NZ_CP058259_28_length_31627_cov_4.620993	31627	0.453482449054718	0.08257798927411436
Bacteria_NZ_CP058259_16_length_38358_cov_4.736052	38358	0.5341638326644897	0.05153334844021452
Bacteria_NZ_CP058259_8_length_45722_cov_5.236692	45722	0.7456120252609253	0.02947730191102047
Bacteria_NZ_CP058259_33_length_28041_cov_5.412635	28041	0.3801363706588745	0.10138605634866682
Bacteria_NZ_CP058259_37_length_27282_cov_4.987953	27282	0.720568835735321	0.031365662059067906
Bacteria_NZ_CP058259_21_length_35206_cov_5.012261	35206	0.6921119093894958	0.03378276304856862
Bacteria_NZ_CP058259_25_length_33173_cov_5.110242	33173	0.25754547119140625	0.13044791902711686
Bacteria_NZ_CP058259_29_length_30159_cov_5.129053	30159	0.4086284935474396	0.09413475338016467
Bacteria_NZ_CP058259_13_length_40064_cov_5.589967	40064	0.9088115692138672	0.017089659339829293
Bacteria_NZ_CP058259_9_length_43602_cov_5.386846	43602	0.7754647731781006	0.027286804139285446
Bacteria_NZ_CP058259_17_length_37983_cov_5.017797	37983	0.6408030390739441	0.0379938061787144
Bacteria_NZ_CP058259_38_length_26744_cov_5.092248	26744	0.2873052954673767	0.12264899161568095
Bacteria_NZ_CP058259_34_length_27687_cov_5.184243	27687	0.2927703857421875	0.12119495430168442
Bacteria_NZ_CP058259_26_length_33123_cov_4.820068	33123	0.8282406330108643	0.023113528212100613
Bacteria_NZ_CP058259_30_length_29665_cov_5.169368	29665	0.3682706356048584	0.10401087695445276
Bacteria_NZ_CP058259_22_length_35069_cov_5.387788	35069	0.7372768521308899	0.030024926353954227
Bacteria_NZ_CP058259_14_length_39466_cov_4.679277	39466	0.7688441276550293	0.027909962988141097
Bacteria_NZ_CP058259_39_length_26539_cov_5.309696	26539	0.47663378715515137	0.07517561749376842
Bacteria_NZ_CP058259_18_length_37021_cov_5.419034	37021	0.6422076225280762	0.03778608656242918
Bacteria_NZ_CP058259_35_length_27679_cov_5.261765	27679	0.6390136480331421	0.038220409396480096
Bacteria_NZ_CP058259_10_length_42639_cov_5.023694	42639	0.5176409482955933	0.055158999924465595
Bacteria_NZ_CP058259_27_length_32244_cov_5.498400	32244	0.5884805917739868	0.043621119419895764
Bacteria_NZ_CP058259_23_length_34608_cov_4.931323	34608	0.7505778074264526	0.029212931490293827
Bacteria_NZ_CP058259_31_length_29598_cov_5.598856	29598	0.7908185720443726	0.02609713724601556
Bacteria_NZ_CP058259_40_length_26383_cov_5.138446	26383	0.49114564061164856	0.06862300778004381
Bacteria_NZ_CP058259_44_length_25572_cov_5.668848	25572	0.6225606203079224	0.03978774831935947
Bacteria_NZ_CP058259_15_length_38743_cov_6.412531	38743	0.2595362961292267	0.1298247601782612
Bacteria_NZ_CP058259_52_length_22844_cov_5.190487	22844	0.2818356156349182	0.12414079613263841
Bacteria_NZ_CP058259_19_length_36578_cov_4.716097	36578	0.5949991345405579	0.042997960571040106
Bacteria_NZ_CP058259_11_length_42599_cov_5.124295	42599	0.7874538898468018	0.026304856862300777
Bacteria_NZ_CP058259_48_length_24766_cov_4.890373	24766	0.41970953345298767	0.09194425560842964
Bacteria_NZ_CP058259_56_length_20971_cov_5.010231	20971	0.7996472716331482	0.025341793186796586
Bacteria_NZ_CP058259_45_length_25044_cov_5.448797	25044	0.8193325400352478	0.023812221466878163
Bacteria_NZ_CP058259_41_length_26334_cov_5.338483	26334	0.4197102189064026	0.09194425560842964
Bacteria_NZ_CP058259_68_length_15781_cov_4.739158	15781	0.6759028434753418	0.035104615152201826
Bacteria_NZ_CP058259_60_length_18688_cov_5.227231	18688	0.9051195383071899	0.01733514615907546
Bacteria_NZ_CP058259_64_length_16840_cov_5.055466	16840	0.3132443428039551	0.11609638190195634
Bacteria_NZ_CP058259_53_length_22045_cov_5.666667	22045	0.09825991094112396	0.1905733061409472
Bacteria_NZ_CP058259_57_length_20473_cov_5.760114	20473	0.5288340449333191	0.0526474809275625
Bacteria_NZ_CP058259_49_length_24108_cov_5.513200	24108	0.4845939874649048	0.07198428884356825
Bacteria_NZ_CP058259_46_length_24975_cov_5.180738	24975	0.4166642427444458	0.09254853085580482
Bacteria_NZ_CP058259_42_length_26194_cov_4.945522	26194	0.7204592227935791	0.03138454566054838
Bacteria_NZ_CP058259_69_length_15415_cov_5.784766	15415	0.7893041372299194	0.026210438854898405
Bacteria_NZ_CP058259_54_length_21559_cov_4.858863	21559	0.38339120149612427	0.10042299267316263
Bacteria_NZ_CP058259_61_length_18121_cov_5.110539	18121	0.8015530109405518	0.02509630636755042
Bacteria_NZ_CP058259_65_length_16527_cov_5.048689	16527	0.42446956038475037	0.09066017070775738
Bacteria_NZ_CP058259_50_length_23747_cov_5.049004	23747	0.5590197443962097	0.04703905128786162
Bacteria_NZ_CP058259_58_length_19702_cov_5.392630	19702	0.3973246216773987	0.09728831482740388
Bacteria_NZ_CP058259_43_length_26192_cov_5.127482	26192	0.6308704614639282	0.039089055064581914
Bacteria_NZ_CP058259_70_length_15348_cov_4.789708	15348	0.6515008211135864	0.036917440894327365
Bacteria_NZ_CP058259_62_length_18045_cov_4.860367	18045	0.1382087618112564	0.1704056197598006
Bacteria_NZ_CP058259_47_length_24885_cov_5.105920	24885	0.4293605089187622	0.08920613339376086
Bacteria_NZ_CP058259_55_length_21076_cov_5.047334	21076	0.5010915994644165	0.06133393760858071
Bacteria_NZ_CP058259_66_length_16222_cov_4.475970	16222	0.20469236373901367	0.14542261500113302
Bacteria_NZ_CP058259_51_length_22876_cov_5.206214	22876	0.26820021867752075	0.12740765918876049
Bacteria_NZ_CP058259_59_length_19256_cov_4.789594	19256	0.7047210931777954	0.032611979756779215
Bacteria_NZ_CP058259_80_length_12188_cov_4.667106	12188	0.838878870010376	0.022395951355842585
Bacteria_NZ_CP058259_72_length_13935_cov_5.539625	13935	0.5990148782730103	0.0424125689251454
Bacteria_NZ_CP058259_71_length_14593_cov_5.984317	14593	0.3427805006504059	0.10944935418082936
Bacteria_NZ_CP058259_76_length_13508_cov_4.870512	13508	0.10442429780960083	0.1872686758818642
Bacteria_NZ_CP058259_63_length_17957_cov_4.321863	17957	0.7273201942443848	0.030836921217614624
Bacteria_NZ_CP058259_84_length_11549_cov_5.811032	11549	0.11997866630554199	0.17882770602009215
Bacteria_NZ_CP058259_67_length_15834_cov_4.502123	15834	0.2682517468929291	0.12738877558728
Bacteria_NZ_CP058259_88_length_11098_cov_4.221136	11098	0.690887451171875	0.033914948258931946
Bacteria_NZ_CP058259_81_length_12013_cov_5.075431	12013	0.26754286885261536	0.12752096079764333
Bacteria_NZ_CP058259_92_length_10485_cov_4.739597	10485	0.5869686007499695	0.04373442102877861
Bacteria_NZ_CP058259_96_length_10273_cov_4.885007	10273	0.4033862352371216	0.09539995467935644
Bacteria_NZ_CP058259_73_length_13917_cov_4.351320	13917	0.05833940580487251	0.22469597401616437
Bacteria_NZ_CP058259_77_length_12666_cov_4.897708	12666	0.06098207086324692	0.22190120099705415
Bacteria_NZ_CP058259_85_length_11440_cov_5.274045	11440	0.35370659828186035	0.10718332200317245
Bacteria_NZ_CP058259_100_length_9824_cov_5.005630	9824	0.429232120513916	0.08926278419820229
Bacteria_NZ_CP058259_89_length_10827_cov_4.493780	10827	0.12322293221950531	0.1770904146838885
Bacteria_NZ_CP058259_93_length_10460_cov_5.819125	10460	0.14563703536987305	0.1667044338696276
Bacteria_NZ_CP058259_86_length_11264_cov_5.554911	11264	0.3129929304122925	0.11619079990935871
Bacteria_NZ_CP058259_97_length_10203_cov_4.925897	10203	0.662767767906189	0.03612432963214744
Bacteria_NZ_CP058259_82_length_12006_cov_5.092963	12006	0.3851746916770935	0.09993201903467029
Bacteria_NZ_CP058259_78_length_12617_cov_5.567903	12617	0.6045087575912476	0.04173275927184833
Bacteria_NZ_CP058259_101_length_9785_cov_4.797122	9785	0.46262750029563904	0.08014200468313316
Bacteria_NZ_CP058259_74_length_13737_cov_4.830142	13737	0.4932090640068054	0.06765994410453961
Bacteria_NZ_CP058259_90_length_10815_cov_5.033178	10815	0.6521116495132446	0.03686079008988594
Bacteria_NZ_CP058259_94_length_10359_cov_4.845885	10359	0.36212512850761414	0.10527607825364453
Bacteria_NZ_CP058259_87_length_11159_cov_6.832043	11159	0.8703930377960205	0.02011103557670519
Bacteria_NZ_CP058259_98_length_10149_cov_4.324648	10149	0.10525792837142944	0.1868343530478133
Bacteria_NZ_CP058259_102_length_9738_cov_5.244656	9738	0.08206041157245636	0.2019223506307123
Bacteria_NZ_CP058259_75_length_13535_cov_4.414540	13535	0.2374754548072815	0.13567867663720826
Bacteria_NZ_CP058259_91_length_10577_cov_5.596370	10577	0.08418925106525421	0.20026059370043053
Bacteria_NZ_CP058259_79_length_12439_cov_4.632590	12439	0.5360497236251831	0.05111790920764408
Bacteria_NZ_CP058259_83_length_11639_cov_5.422566	11639	0.1272812932729721	0.17505098572399727
Bacteria_NZ_CP058259_95_length_10305_cov_5.337561	10305	0.6216433644294739	0.03988216632676184
Bacteria_NZ_CP058259_104_length_9485_cov_4.347508	9485	0.34672102332115173	0.10856182491124708
Bacteria_NZ_CP058259_99_length_9934_cov_5.752202	9934	0.47640901803970337	0.07525115189969031
Bacteria_NZ_CP058259_103_length_9544_cov_5.087259	9544	0.8811713457107544	0.019147971901200996
Bacteria_NZ_CP058259_105_length_9328_cov_5.828966	9328	0.8664795160293579	0.02037540599743183
Bacteria_NZ_CP058259_106_length_9160_cov_4.999671	9160	0.08088556677103043	0.20290429790769696
Bacteria_NZ_CP058259_107_length_9023_cov_4.847123	9023	0.5636391043663025	0.046491426844927866
Bacteria_NZ_CP058259_108_length_8979_cov_4.756948	8979	0.3308256268501282	0.11226301080142005
Bacteria_NZ_CP058259_124_length_6550_cov_5.302848	6550	0.9847143888473511	0.008592038673615831
Bacteria_NZ_CP058259_136_length_5854_cov_4.467839	5854	0.3137809932231903	0.1159830802930735
Bacteria_NZ_CP058259_120_length_6979_cov_5.499133	6979	0.720888614654541	0.03134677845758743
Bacteria_NZ_CP058259_132_length_5953_cov_4.676670	5953	0.3280068635940552	0.11284840244731476
Bacteria_NZ_CP058259_128_length_6381_cov_4.065918	6381	0.3848890960216522	0.09998866983911171
Bacteria_NZ_CP058259_116_length_7848_cov_6.266906	7848	0.5865646004676819	0.043772188231739555
Bacteria_NZ_CP058259_112_length_8203_cov_4.260309	8203	0.30149903893470764	0.1188533877181056
Bacteria_NZ_CP058259_125_length_6504_cov_4.610637	6504	0.17055466771125793	0.15701714631014427
Bacteria_NZ_CP058259_137_length_5815_cov_4.804861	5815	0.632138192653656	0.0388813354482967
Bacteria_NZ_CP058259_109_length_8731_cov_4.958506	8731	0.518657922744751	0.054856862300778006
Bacteria_NZ_CP058259_121_length_6761_cov_5.073218	6761	0.079114630818367	0.20439610242465442
Bacteria_NZ_CP058259_129_length_6212_cov_4.159168	6212	0.566651463508606	0.046170405619759804
Bacteria_NZ_CP058259_133_length_5901_cov_4.719295	5901	0.1549692004919052	0.16290882997205228
Bacteria_NZ_CP058259_117_length_7824_cov_5.047239	7824	0.26863282918930054	0.12731324118135812
Bacteria_NZ_CP058259_113_length_8078_cov_4.566247	8078	0.23858973383903503	0.13543318981796207
Bacteria_NZ_CP058259_138_length_5437_cov_4.323671	5437	0.23963090777397156	0.1351310521942745
Bacteria_NZ_CP058259_126_length_6467_cov_5.523706	6467	0.016113219782710075	0.31012538711383036
Bacteria_NZ_CP058259_122_length_6690_cov_3.866164	6690	0.7809813022613525	0.026758063297832164
Bacteria_NZ_CP058259_110_length_8576_cov_4.749677	8576	0.08510348945856094	0.19944859883677016
Bacteria_NZ_CP058259_130_length_6079_cov_4.885292	6079	0.08251605927944183	0.2016202130070247
Bacteria_NZ_CP058259_114_length_7972_cov_6.351396	7972	0.3043563961982727	0.11821134526776947
Bacteria_NZ_CP058259_118_length_7646_cov_5.473719	7646	0.11429890245199203	0.18141475942291713
Bacteria_NZ_CP058259_134_length_5870_cov_4.373689	5870	0.3352051079273224	0.11120552911851349
Bacteria_NZ_CP058259_139_length_5427_cov_4.810871	5427	0.34968915581703186	0.10774983004758668
Bacteria_NZ_CP058259_127_length_6425_cov_5.953061	6425	0.46368539333343506	0.07987763426240653
Bacteria_NZ_CP058259_123_length_6575_cov_5.299693	6575	0.29612284898757935	0.1202507742276607
Bacteria_NZ_CP058259_111_length_8516_cov_5.235315	8516	0.12062259763479233	0.17848780119344362
Bacteria_NZ_CP058259_131_length_5985_cov_5.127656	5985	0.17736095190048218	0.15475111413248735
Bacteria_NZ_CP058259_135_length_5865_cov_4.502754	5865	0.1069064736366272	0.1857957549663872
Bacteria_NZ_CP058259_115_length_7904_cov_5.055294	7904	0.37026625871658325	0.10359543772188232
Bacteria_NZ_CP058259_140_length_5416_cov_4.834732	5416	0.03745181858539581	0.2538522547020168
Bacteria_NZ_CP058259_119_length_7486_cov_4.874983	7486	0.027793969959020615	0.2729624594002568
Bacteria_NZ_CP058259_144_length_4753_cov_4.630694	4753	0.5656797289848328	0.04628370722864265
Bacteria_NZ_CP058259_148_length_4196_cov_5.979474	4196	0.20805354416370392	0.14444066772414835
Bacteria_NZ_CP058259_152_length_3710_cov_3.629001	3710	4.603813431458548e-05	0.7036974091698769
Bacteria_NZ_CP058259_156_length_3352_cov_4.230209	3352	0.002276849001646042	0.4505060805196767
Bacteria_NZ_CP058259_164_length_3002_cov_6.271802	3002	0.14452943205833435	0.16717652390663948
Bacteria_NZ_CP058259_160_length_3214_cov_4.138968	3214	0.039195604622364044	0.25054762444293377
Bacteria_NZ_CP058259_168_length_2487_cov_4.336349	2487	0.37349799275398254	0.10285897726414382
Bacteria_NZ_CP058259_145_length_4753_cov_4.517241	4753	0.03775496408343315	0.25336128106352446
Bacteria_NZ_CP058259_141_length_5307_cov_4.083968	5307	0.10077300667762756	0.1890437344210288
Bacteria_NZ_CP058259_153_length_3654_cov_4.523479	3654	0.17588306963443756	0.15509101895913588
Bacteria_NZ_CP058259_149_length_3914_cov_6.000259	3914	0.02419758401811123	0.28200770450940404
Bacteria_NZ_CP058259_157_length_3288_cov_4.584596	3288	0.0020406583789736032	0.4580217539089055
Bacteria_NZ_CP058259_161_length_3179_cov_6.234315	3179	0.14403539896011353	0.16732759271848327
Bacteria_NZ_CP058259_165_length_2986_cov_3.738656	2986	0.06653906404972076	0.21578291411738046
Bacteria_NZ_CP058259_169_length_2344_cov_4.708170	2344	0.0002580951259005815	0.5998376010272679
Bacteria_NZ_CP058259_142_length_5299_cov_6.025362	5299	0.03574777767062187	0.2569869325477755
Bacteria_NZ_CP058259_146_length_4471_cov_5.316350	4471	0.04750168323516846	0.23782007704509403
Bacteria_NZ_CP058259_162_length_3160_cov_3.983575	3160	0.030547931790351868	0.2667119873102198
Bacteria_NZ_CP058259_158_length_3245_cov_5.309718	3245	0.79816073179245	0.02549286199864038
Bacteria_NZ_CP058259_150_length_3910_cov_6.197406	3910	0.32580578327178955	0.11349044489765088
Bacteria_NZ_CP058259_154_length_3640_cov_4.947280	3640	0.01587456464767456	0.311107334390815
Bacteria_NZ_CP058259_170_length_2252_cov_5.379153	2252	0.315714031457901	0.11532215424125689
Bacteria_NZ_CP058259_166_length_2951_cov_3.766920	2951	0.0015907017514109612	0.4763010801420047
Bacteria_NZ_CP058259_143_length_4974_cov_4.915430	4974	0.05045340210199356	0.23385452073419444
Bacteria_NZ_CP058259_151_length_3811_cov_4.067359	3811	0.00031690721516497433	0.587261122441272
Bacteria_NZ_CP058259_147_length_4357_cov_4.674802	4357	0.045570772141218185	0.2407092680716066
Bacteria_NZ_CP058259_155_length_3415_cov_6.291964	3415	0.12067196518182755	0.17848780119344362
Bacteria_NZ_CP058259_163_length_3109_cov_5.343484	3109	0.543234646320343	0.05000377672029609
Bacteria_NZ_CP058259_171_length_2225_cov_4.281106	2225	0.18340151011943817	0.15269280157111564
Bacteria_NZ_CP058259_159_length_3223_cov_3.998422	3223	0.005715041887015104	0.3830727396329028
Bacteria_NZ_CP058259_167_length_2774_cov_5.366311	2774	0.43083494901657104	0.08877181055970995
Bacteria_NZ_CP058259_172_length_2160_cov_7.734917	2160	0.08116254210472107	0.20263992748697032
Bacteria_NZ_CP058259_176_length_1884_cov_3.572991	1884	0.7747159004211426	0.027400105748168292
Bacteria_NZ_CP058259_180_length_1497_cov_5.511096	1497	0.005807839799672365	0.38199637434851574
Bacteria_NZ_CP058259_184_length_1410_cov_4.438376	1410	0.9809203147888184	0.009177430319510536
Bacteria_NZ_CP058259_192_length_1121_cov_2.997186	1121	6.949112503207289e-06	0.797454490520432
Bacteria_NZ_CP058259_188_length_1168_cov_3.629829	1168	3.39577927661594e-05	0.7205604652919405
Bacteria_NZ_CP058259_196_length_1056_cov_2.772228	1056	0.9997723698616028	0.002077196162852179
Bacteria_NZ_CP058259_173_length_2028_cov_4.849975	2028	4.207132860756246e-06	0.819586071455548
Bacteria_NZ_CP058259_181_length_1458_cov_4.257306	1458	0.15650364756584167	0.16217236951431377
Bacteria_NZ_CP058259_177_length_1636_cov_6.779886	1636	5.704311479348689e-05	0.6917252058312562
Bacteria_NZ_CP058259_185_length_1358_cov_3.553338	1358	2.768254780960433e-08	0.9522811390588413
Bacteria_NZ_CP058259_193_length_1065_cov_7.722772	1065	0.00486686360090971	0.3945539693330312
Bacteria_NZ_CP058259_189_length_1158_cov_2.493200	1158	0.016566507518291473	0.308161492559861
Bacteria_NZ_CP058259_197_length_1031_cov_4.488730	1031	0.0011579905403777957	0.49835712667119875
Bacteria_NZ_CP058259_174_length_2022_cov_3.970005	2022	0.03989085927605629	0.24945237555706623
Bacteria_NZ_CP058259_182_length_1457_cov_3.383024	1457	0.5222715139389038	0.05387491502379334
Bacteria_NZ_CP058259_186_length_1344_cov_2.733902	1344	0.00021734347683377564	0.6102991162474507
Bacteria_NZ_CP058259_190_length_1154_cov_40.030937	1154	1.945724397955928e-05	0.7502454868192462
Bacteria_NZ_CP058259_178_length_1518_cov_4.227614	1518	0.002802617149427533	0.4354180829367777
Bacteria_NZ_CP058259_194_length_1061_cov_2.771372	1061	0.02828916162252426	0.27169725810106504
Bacteria_NZ_CP058259_198_length_1014_cov_2.573514	1014	0.005087563768029213	0.39157036029911624
Bacteria_NZ_CP058259_175_length_1933_cov_4.421725	1933	0.01042526587843895	0.34077347231664024
Bacteria_NZ_CP058259_183_length_1442_cov_4.524874	1442	0.046197451651096344	0.23987838960646574
Bacteria_NZ_CP058259_179_length_1514_cov_3.183687	1514	0.016227424144744873	0.3096532970768185
Bacteria_NZ_CP058259_187_length_1227_cov_8.566553	1227	0.9888519048690796	0.007647858599592114
Bacteria_NZ_CP058259_195_length_1059_cov_3.553785	1059	0.4831198751926422	0.07266409849686532
Bacteria_NZ_CP058259_191_length_1121_cov_11.887430	1121	0.5532816648483276	0.04796434776040486
Bacteria_NZ_CP059603_6_length_133148_cov_371.663904	133148	0.5710834264755249	0.04556613037238462
Bacteria_NZ_CP059603_2_length_339670_cov_389.888288	339670	0.8781946897506714	0.019393458720447163
Bacteria_NZ_CP059603_7_length_129784_cov_400.522798	129784	0.5850198864936829	0.0439610242465443
Bacteria_NZ_CP059603_8_length_119750_cov_407.042374	119750	0.44221800565719604	0.08556159830802931
Bacteria_NZ_CP059603_9_length_111016_cov_411.406611	111016	0.6513141989707947	0.03695520809728831
Bacteria_NZ_CP059603_1_length_576899_cov_403.139634	576899	0.8786197900772095	0.019355691517486215
Bacteria_NZ_CP059603_3_length_289947_cov_418.163423	289947	0.8458480834960938	0.021867210514389303
Bacteria_NZ_CP059603_4_length_205555_cov_431.248088	205555	0.7118735313415527	0.03215877332124783
Bacteria_NZ_CP059603_5_length_141201_cov_394.427373	141201	0.6253572702407837	0.039617795906035196
Bacteria_NZ_CP059603_25_length_1492_cov_728.326374	1492	0.3115617334842682	0.1164929375330463
Bacteria_NZ_CP059603_19_length_4854_cov_726.631590	4854	0.2166525274515152	0.14121157187098723
Bacteria_NZ_CP059603_22_length_2132_cov_2129.173327	2132	0.6861852407455444	0.03425485308558048
Bacteria_NZ_CP059603_20_length_3519_cov_1996.669457	3519	0.49592626094818115	0.06624367399350405
Bacteria_NZ_CP059603_23_length_2007_cov_724.111168	2007	0.3993200361728668	0.09679734118891155
Bacteria_NZ_CP059603_16_length_34361_cov_355.763569	34361	0.5946788191795349	0.04303572777400106
Bacteria_NZ_CP059603_13_length_47737_cov_360.211568	47737	0.4014531075954437	0.09623083314449732
Bacteria_NZ_CP059603_21_length_3221_cov_2125.889135	3221	0.04818962141871452	0.23689478057255078
Bacteria_NZ_CP059603_24_length_1839_cov_2112.159753	1839	0.1156986877322197	0.18075383337110054
Bacteria_NZ_CP059603_10_length_88429_cov_377.242402	88429	0.5885770320892334	0.04360223581841529
Bacteria_NZ_CP059603_17_length_28910_cov_359.275481	28910	0.13074319064617157	0.1735025304025984
Bacteria_NZ_CP059603_14_length_42650_cov_360.672332	42650	0.8702661991119385	0.02011103557670519
Bacteria_NZ_CP059603_18_length_6140_cov_355.999836	6140	0.17034001648426056	0.1570737971145857
Bacteria_NZ_CP059603_15_length_40482_cov_355.632968	40482	0.11218172311782837	0.1826233099176675
Bacteria_NZ_CP060192_12_length_103062_cov_51.301368	103062	0.10687878727912903	0.18581463856786767
Bacteria_NZ_CP059603_11_length_70595_cov_518.949887	70595	0.2832379937171936	0.12387642571191178
Bacteria_NZ_CP060192_15_length_55728_cov_52.031883	55728	0.1372550129890442	0.1708399425938515
Bacteria_NZ_CP060192_18_length_19562_cov_53.268929	19562	0.04130416363477707	0.2472618777853312
Bacteria_NZ_CP060192_19_length_13712_cov_51.638647	13712	0.04517730325460434	0.24121912531157944
Bacteria_NZ_CP060192_13_length_69734_cov_52.061123	69734	0.07305106520652771	0.2097401616436287
Bacteria_NZ_CP059603_12_length_55969_cov_561.089173	55969	0.4342120885848999	0.08780874688420576
Bacteria_NZ_CP060192_16_length_38640_cov_51.378878	38640	0.03736155480146408	0.25398443991238007
Bacteria_NZ_CP060192_20_length_3196_cov_406.651385	3196	0.01571625843644142	0.31173049323967067
Bacteria_NZ_CP060192_21_length_1761_cov_53.229777	1761	0.03363016992807388	0.2607258856409094
Bacteria_NZ_CP060192_9_length_199846_cov_51.351998	199846	0.30209240317344666	0.1187023189062618
Bacteria_NZ_CP060192_22_length_1629_cov_411.288437	1629	0.00014247991202864796	0.6368305763275172
Bacteria_NZ_CP060192_6_length_334691_cov_51.241313	334691	0.40058398246765137	0.09641966915930206
Bacteria_NZ_CP060192_14_length_58134_cov_52.186935	58134	0.367068350315094	0.1043507817811013
Bacteria_NZ_CP060192_23_length_1526_cov_199.180829	1526	0.004398217424750328	0.40231512954150617
Bacteria_NZ_CP060192_17_length_37616_cov_51.684566	37616	0.0979500487446785	0.19074325855427146
Bacteria_NZ_CP060192_3_length_424494_cov_51.743259	424494	0.5741091966629028	0.04515069113981419
Bacteria_NZ_CP060192_10_length_154694_cov_50.865778	154694	0.18002623319625854	0.15386358486290505
Bacteria_NZ_LR824569_10_length_185507_cov_23.369885	185507	0.5207975506782532	0.05436588866228567
Bacteria_NZ_LR824569_7_length_257306_cov_23.422556	257306	0.7722154855728149	0.02757005816149256
Bacteria_NZ_CP060192_11_length_137075_cov_53.567443	137075	0.18939155340194702	0.1505211874008611
Bacteria_NZ_CP060192_7_length_259995_cov_51.577287	259995	0.3131813406944275	0.11613414910491729
Bacteria_NZ_CP060192_1_length_669138_cov_52.762027	669138	0.7601597309112549	0.02866530704736007
Bacteria_NZ_LR824569_13_length_125405_cov_23.478963	125405	0.6634265780448914	0.03604879522622555
Bacteria_NZ_LR824569_11_length_166964_cov_23.629601	166964	0.4863099157810211	0.07104010876954453
Bacteria_NZ_LR824569_4_length_504369_cov_23.472462	504369	0.8127309083938599	0.024227660699448598
Bacteria_NZ_LR824569_8_length_203009_cov_23.346369	203009	0.6246039867401123	0.03971221391343757
Bacteria_NZ_CP060192_8_length_227087_cov_52.651093	227087	0.30483633279800415	0.11806027645592568
Bacteria_NZ_CP060192_4_length_420858_cov_53.955637	420858	0.6553751230239868	0.03669083767656167
Bacteria_NZ_LR824569_14_length_109020_cov_24.461212	109020	0.5548139810562134	0.047718860941158694
Bacteria_NZ_LR824569_16_length_32149_cov_25.432791	32149	0.5113149881362915	0.056934058463630186
Bacteria_NZ_LR824569_12_length_134977_cov_23.702858	134977	0.5153370499610901	0.05570662436739935
Bacteria_NZ_LR824569_17_length_26914_cov_24.098738	26914	0.6594051718711853	0.03640758365435456
Bacteria_NZ_LR824569_18_length_5650_cov_144.252904	5650	0.16021424531936646	0.1606805649973563
Phage_NC_047764_1_length_73778_cov_154.863774	73778	0.998965859413147	0.0037011858901729736
Bacteria_NZ_LR824569_15_length_96328_cov_23.305953	96328	0.39141637086868286	0.09868570133695899
Bacteria_NZ_LR824569_9_length_187382_cov_23.629520	187382	0.5285233855247498	0.052723015333484405
Phage_NC_048639_1_length_42159_cov_1522.446751	42159	0.9972405433654785	0.005098572399728076
Phage_NC_048639_4_length_2635_cov_1175.767442	2635	0.9996007680892944	0.00264370420726641
Phage_NC_048739_1_length_19668_cov_107.496456	19668	0.6596111059188843	0.036350932849913135
Phage_NC_048099_1_length_38314_cov_1305.836849	38314	0.5436568260192871	0.049966009517335146
Phage_NC_048639_2_length_14251_cov_1469.130882	14251	0.9999629259109497	0.0010574816829065639
Phage_NC_048639_3_length_11572_cov_1525.872449	11572	0.9998456239700317	0.0019072437495279099
Phage_NC_048806_1_length_65678_cov_149.847462	65678	0.7490983009338379	0.029288465896215726
Phage_NC_049972_1_length_18931_cov_1530.872113	18931	1.0	0.0
Phage_NC_048650_1_length_112357_cov_110.500045	112357	0.9997808933258057	0.002058312561371705
Phage_NC_048166_1_length_88402_cov_1362.758022	88402	0.7647354006767273	0.02821210061182869
Bacteria_NZ_LR824569_5_length_438459_cov_23.359602	438459	0.8756514191627502	0.019752247148576176
Phage_NC_049478_1_length_60199_cov_272.698158	60199	0.9958877563476562	0.0058350328574665765
Phage_NC_048698_1_length_41807_cov_172.363767	41807	0.9982645511627197	0.004418762746430999
Bacteria_NZ_CP060192_2_length_551371_cov_52.065868	551371	0.741020917892456	0.029892741143590907
Bacteria_NZ_CP060192_5_length_381495_cov_51.638929	381495	0.44156113266944885	0.08580708512727547
Bacteria_NZ_LR824569_1_length_1075728_cov_23.640111	1075728	0.9467360973358154	0.014068283102953395
Bacteria_NZ_LR824569_6_length_294650_cov_23.857326	294650	0.6916100978851318	0.03383941385301004
Bacteria_NZ_LR824569_2_length_760052_cov_23.863088	760052	0.861506462097168	0.020715310824080367
Bacteria_NZ_LR824569_3_length_587334_cov_23.623666	587334	0.851123571395874	0.02145177128181887
