name	len	score	pvalue
Bacteria_NZ_CP030047_25_length_1666_cov_64.721291	1666	5.542232975130901e-05	0.6932547775511746
Bacteria_NZ_CP030047_21_length_51723_cov_32.612720	51723	0.046184174716472626	0.23987838960646574
Bacteria_NZ_CP030047_17_length_136781_cov_32.610330	136781	0.16226311028003693	0.16013294055442254
Bacteria_NZ_CP030047_22_length_47525_cov_32.667601	47525	0.05911654233932495	0.22397839715990633
Bacteria_NZ_CP030047_23_length_3179_cov_65.352433	3179	2.031288022408262e-05	0.7484137774756402
Bacteria_NZ_CP040094_4_length_164044_cov_13.790157	164044	0.8718600869178772	0.01997885036634187
Bacteria_NZ_CP030047_24_length_2751_cov_97.200668	2751	0.04523542523384094	0.2410869401012161
Bacteria_NZ_CP030047_13_length_249429_cov_33.638242	249429	0.3940276503562927	0.0980058916836619
Bacteria_NZ_CP040094_1_length_247159_cov_17.324879	247159	0.8058998584747314	0.02483193594682378
Bacteria_NZ_CP030047_18_length_119584_cov_32.746313	119584	0.13470417261123657	0.17189742427675805
Bacteria_NZ_CP030047_9_length_352219_cov_32.742833	352219	0.33386939764022827	0.11163985195256439
Bacteria_NZ_CP040094_5_length_162226_cov_13.662128	162226	0.8110822439193726	0.024340962308331444
Bacteria_NZ_CP040094_8_length_148875_cov_14.140680	148875	0.9204216003417969	0.016334315280610318
Bacteria_NZ_CP030047_14_length_215781_cov_31.959898	215781	0.5782186985015869	0.04464083389984138
Bacteria_NZ_CP030047_19_length_106411_cov_31.591024	106411	0.10528744757175446	0.18681546944633282
Bacteria_NZ_CP040094_9_length_139129_cov_13.670348	139129	0.8536558151245117	0.021300702469975074
Bacteria_NZ_CP040094_2_length_215264_cov_14.529978	215264	0.9005920886993408	0.017656167384243523
Bacteria_NZ_CP040094_6_length_157949_cov_13.594107	157949	0.6656783819198608	0.03589772641438175
Bacteria_NZ_CP030047_20_length_91941_cov_31.176719	91941	0.2831314504146576	0.12389530931339225
Bacteria_NZ_CP030047_15_length_185499_cov_33.012311	185499	0.2011253535747528	0.14642344587959816
Bacteria_NZ_CP040094_10_length_137210_cov_13.704903	137210	0.7439354658126831	0.02960948712138379
Bacteria_NZ_CP030047_10_length_342938_cov_32.194130	342938	0.29658782482147217	0.120024171009895
Bacteria_NZ_CP040094_7_length_148978_cov_13.955252	148978	0.9009876251220703	0.017618400181282575
Bacteria_NZ_CP040094_3_length_170062_cov_16.475022	170062	0.9439927935600281	0.014276002719238613
Bacteria_NZ_CP040094_12_length_128041_cov_13.788782	128041	0.8001287579536438	0.02522849157791374
Bacteria_NZ_CP030047_5_length_717793_cov_33.074667	717793	0.5123686194419861	0.056461968426618325
Bacteria_NZ_CP030047_16_length_178605_cov_32.157424	178605	0.3235722780227661	0.1138492333257799
Bacteria_NZ_CP040094_16_length_115018_cov_13.188713	115018	0.795627772808075	0.025681698013445123
Bacteria_NZ_CP040094_11_length_128900_cov_17.598293	128900	0.899515688419342	0.01769393458720447
Bacteria_NZ_CP040094_20_length_106335_cov_13.777917	106335	0.582868218421936	0.044244278268751415
Bacteria_NZ_CP040094_13_length_126962_cov_13.739707	126962	0.8019979596138	0.02505853916458947
Bacteria_NZ_CP040094_24_length_94011_cov_13.941419	94011	0.7908291220664978	0.02609713724601556
Bacteria_NZ_CP040094_28_length_85786_cov_13.146633	85786	0.7468209266662598	0.029326233099176674
Bacteria_NZ_CP040094_17_length_113253_cov_22.110258	113253	0.736905038356781	0.030024926353954227
Bacteria_NZ_CP040094_21_length_102754_cov_14.091978	102754	0.6428225636482239	0.03772943575798776
Bacteria_NZ_CP040094_14_length_126871_cov_13.912133	126871	0.8390759229660034	0.022358184152881638
Bacteria_NZ_CP030047_11_length_286447_cov_32.653475	286447	0.4213756322860718	0.09149104917289826
Bacteria_NZ_CP040094_25_length_93487_cov_18.466435	93487	0.9262995719909668	0.015862225243598458
Bacteria_NZ_CP040094_29_length_82255_cov_13.985231	82255	0.5164427161216736	0.05544225394667271
Bacteria_NZ_CP040094_18_length_111447_cov_16.637748	111447	0.8841065764427185	0.01894025228491578
Bacteria_NZ_CP040094_22_length_101360_cov_13.434292	101360	0.7732288241386414	0.02749452375557066
Bacteria_NZ_CP040094_15_length_120484_cov_19.006826	120484	0.45911478996276855	0.08127502077196162
Bacteria_NZ_CP040094_30_length_81045_cov_13.140449	81045	0.5341553688049316	0.05153334844021452
Bacteria_NZ_CP040094_26_length_88432_cov_13.472940	88432	0.7737959623336792	0.027475640154090188
Bacteria_NZ_CP040094_19_length_109441_cov_18.971029	109441	0.7236762046813965	0.031157942442782686
Bacteria_NZ_CP040094_23_length_94797_cov_13.252190	94797	0.7911227941513062	0.026040486441574136
Bacteria_NZ_CP040094_32_length_76360_cov_13.891501	76360	0.6580551862716675	0.03652088526323741
Bacteria_NZ_CP040094_31_length_78722_cov_14.211219	78722	0.7100684642791748	0.032290958531611146
Bacteria_NZ_CP040094_27_length_87084_cov_18.095784	87084	0.9255708456039429	0.01589999244655941
Bacteria_NZ_CP030047_12_length_261759_cov_32.324344	261759	0.546556830406189	0.04945615227736234
Bacteria_NZ_CP040094_36_length_70398_cov_13.599235	70398	0.5581532120704651	0.04719012009970541
Bacteria_NZ_CP040094_40_length_57529_cov_13.361642	57529	0.6023710370063782	0.042016013294055445
Bacteria_NZ_CP040094_33_length_75335_cov_13.533634	75335	0.39626383781433105	0.09747715084220862
Bacteria_NZ_CP040094_44_length_55126_cov_14.103830	55126	0.586580753326416	0.043772188231739555
Bacteria_NZ_CP040094_48_length_51335_cov_24.124863	51335	0.7641782760620117	0.028287635017750584
Bacteria_NZ_CP040094_52_length_48976_cov_13.906625	48976	0.948908805847168	0.013822796283707228
Bacteria_NZ_CP040094_41_length_57434_cov_13.584168	57434	0.8840343356132507	0.01894025228491578
Bacteria_NZ_CP040094_37_length_70140_cov_21.216694	70140	0.6274876594543457	0.039372309086789035
Bacteria_NZ_CP040094_53_length_48916_cov_25.801334	48916	0.47144991159439087	0.07700732683737442
Bacteria_NZ_CP040094_45_length_53769_cov_14.553766	53769	0.4742542505264282	0.07600649595890928
Bacteria_NZ_CP040094_49_length_49783_cov_15.979348	49783	0.8790489435195923	0.01933680791600574
Bacteria_NZ_CP030047_6_length_516595_cov_31.958572	516595	0.36358124017715454	0.10495505702847648
Bacteria_NZ_CP040094_34_length_71574_cov_14.542961	71574	0.8736687898635864	0.019865548757459023
Bacteria_NZ_CP040094_54_length_48820_cov_34.046632	48820	0.7364100217819214	0.0300438099554347
Bacteria_NZ_CP040094_42_length_56331_cov_13.890166	56331	0.5187131762504578	0.05481909509781706
Bacteria_NZ_CP040094_46_length_52520_cov_13.455256	52520	0.7355274558067322	0.030062693556915175
Bacteria_NZ_CP040094_50_length_49663_cov_13.495646	49663	0.6945242881774902	0.03351839262784198
Bacteria_NZ_CP040094_38_length_64018_cov_13.171333	64018	0.582491397857666	0.044300929073192837
Bacteria_NZ_CP040094_35_length_70420_cov_13.400625	70420	0.7560720443725586	0.028948561069567186
Bacteria_NZ_CP040094_55_length_48580_cov_27.086698	48580	0.7640355825424194	0.028306518619231058
Bacteria_NZ_CP040094_47_length_51801_cov_13.200344	51801	0.8087990880012512	0.02458644912757761
Bacteria_NZ_CP040094_43_length_56260_cov_23.828930	56260	0.5152642726898193	0.055782158773321246
Bacteria_NZ_CP040094_51_length_49017_cov_12.888526	49017	0.6435150504112244	0.03763501775058539
Bacteria_NZ_CP040094_39_length_59038_cov_13.128088	59038	0.8663479685783386	0.02037540599743183
Bacteria_NZ_CP040094_60_length_47306_cov_23.560390	47306	0.5483807921409607	0.049135131052194275
Bacteria_NZ_CP040094_56_length_48255_cov_13.890249	48255	0.5911480188369751	0.043470050608051966
Bacteria_NZ_CP040094_68_length_39781_cov_27.080703	39781	0.7037946581840515	0.032706397764181584
Bacteria_NZ_CP040094_64_length_42263_cov_12.291414	42263	0.5969967246055603	0.042733590150313465
Bacteria_NZ_CP040094_72_length_36406_cov_13.162609	36406	0.5845639705657959	0.044036558652466196
Bacteria_NZ_CP030047_1_length_1524315_cov_32.542514	1524315	0.8757733106613159	0.019752247148576176
Bacteria_NZ_CP040094_61_length_42692_cov_14.244670	42692	0.501188337802887	0.061239519601178335
Bacteria_NZ_CP040094_57_length_48011_cov_24.657770	48011	0.3934090733528137	0.09810030969106429
Bacteria_NZ_CP040094_69_length_38801_cov_13.786017	38801	0.9248565435409546	0.015918876048039883
Bacteria_NZ_CP040094_73_length_36182_cov_39.979821	36182	0.6844382286071777	0.0343870382959438
Bacteria_NZ_CP040094_65_length_41899_cov_12.794212	41899	0.742621660232544	0.02974167233174711
Bacteria_NZ_CP040094_62_length_42390_cov_13.967497	42390	0.6121200919151306	0.04090188080670745
Bacteria_NZ_CP040094_70_length_37006_cov_44.520338	37006	0.5365133881568909	0.05104237480172218
Bacteria_NZ_CP040094_74_length_35714_cov_19.312964	35714	0.7556583881378174	0.028948561069567186
Bacteria_NZ_CP040094_58_length_47653_cov_36.707929	47653	0.47143882513046265	0.07700732683737442
Bacteria_NZ_CP040094_66_length_40797_cov_13.763684	40797	0.8691271543502808	0.020205453584107563
Bacteria_NZ_CP040094_63_length_42334_cov_13.821897	42334	0.3725765347480774	0.10302892967746809
Bacteria_NZ_CP040094_71_length_36899_cov_28.696314	36899	0.656991720199585	0.036558652466198355
Bacteria_NZ_CP040094_75_length_35528_cov_23.729343	35528	0.43496525287628174	0.08763879447088149
Bacteria_NZ_CP040094_59_length_47500_cov_15.732406	47500	0.6223453283309937	0.03980663192083994
Bacteria_NZ_CP040094_67_length_40663_cov_23.364534	40663	0.5579793453216553	0.04720900370118589
Bacteria_NZ_CP030047_7_length_445074_cov_32.355908	445074	0.34735405445098877	0.1083918724979228
Bacteria_NZ_CP030047_8_length_363389_cov_32.173386	363389	0.5499300360679626	0.048776342624065265
Bacteria_NZ_CP030047_2_length_1237435_cov_32.733700	1237435	0.815923810005188	0.024019941083163382
Bacteria_NZ_CP030047_3_length_951071_cov_32.735634	951071	0.6812832951545715	0.03472694312259234
Bacteria_NZ_CP030047_4_length_843164_cov_32.007915	843164	0.609952986240387	0.04122290203187552
Bacteria_NZ_CP040094_100_length_23570_cov_14.779375	23570	0.4657565951347351	0.07917894100762897
Bacteria_NZ_CP040094_92_length_27921_cov_15.081354	27921	0.3931575119495392	0.09821361129994713
Bacteria_NZ_CP040094_76_length_35491_cov_13.110340	35491	0.8282968997955322	0.023113528212100613
Bacteria_NZ_CP040094_96_length_26266_cov_15.573919	26266	0.5956147313117981	0.042941309766598684
Bacteria_NZ_CP040094_104_length_21525_cov_13.543596	21525	0.5511279106140137	0.048455321398897196
Bacteria_NZ_CP040094_88_length_28997_cov_13.212114	28997	0.5132786631584167	0.056254248810333106
Bacteria_NZ_CP040094_80_length_34445_cov_30.092556	34445	0.37963593006134033	0.10159377596495203
Bacteria_NZ_CP040094_84_length_33092_cov_13.580924	33092	0.42909327149391174	0.08928166779968276
Bacteria_NZ_CP040094_101_length_23011_cov_37.973689	23011	0.21014270186424255	0.1437419744693708
Bacteria_NZ_CP040094_97_length_24293_cov_13.555945	24293	0.28603503108024597	0.12308331444973185
Bacteria_NZ_CP040094_105_length_21219_cov_13.562606	21219	0.8490914106369019	0.021565072890701715
Bacteria_NZ_CP040094_93_length_26967_cov_34.735620	26967	0.4001981019973755	0.09657073797114586
Bacteria_NZ_CP040094_89_length_28484_cov_13.135460	28484	0.24209052324295044	0.1343757081350555
Bacteria_NZ_CP040094_81_length_34378_cov_13.463101	34378	0.32825368642807007	0.11281063524435381
Bacteria_NZ_CP040094_85_length_32276_cov_16.726948	32276	0.41935157775878906	0.09196313920991012
Bacteria_NZ_CP040094_77_length_34961_cov_13.985447	34961	0.42491790652275085	0.09054686909887454
Bacteria_NZ_CP040094_102_length_22946_cov_14.712114	22946	0.23524019122123718	0.13626406828310295
Bacteria_NZ_CP040094_106_length_20397_cov_13.875774	20397	0.8011206388473511	0.02515295717199184
Bacteria_NZ_CP040094_98_length_23929_cov_13.519226	23929	0.34262481331825256	0.10948712138379031
Bacteria_NZ_CP040094_94_length_26384_cov_13.460443	26384	0.320575475692749	0.11437797416723318
Bacteria_NZ_CP040094_90_length_28111_cov_28.732321	28111	0.47700631618499756	0.07510008308784652
Bacteria_NZ_CP040094_82_length_34178_cov_13.459162	34178	0.5919592380523682	0.04343228340509102
Bacteria_NZ_CP040094_103_length_21979_cov_13.552545	21979	0.4698098301887512	0.07766825288919103
Bacteria_NZ_CP040094_86_length_31760_cov_13.706829	31760	0.565150797367096	0.04635924163456454
Bacteria_NZ_CP040094_78_length_34748_cov_13.992419	34748	0.5426269769668579	0.050060427524737515
Bacteria_NZ_CP040094_107_length_19788_cov_41.716972	19788	0.31791964173316956	0.11492559861016693
Bacteria_NZ_CP040094_99_length_23708_cov_17.602587	23708	0.3920704126358032	0.09844021451771282
Bacteria_NZ_CP040094_95_length_26292_cov_13.756679	26292	0.2529206871986389	0.1315242843115039
Bacteria_NZ_CP040094_87_length_30929_cov_12.838764	30929	0.23242487013339996	0.13686834353047814
Bacteria_NZ_CP040094_91_length_27948_cov_13.401463	27948	0.24052578210830688	0.13488556537502833
Bacteria_NZ_CP040094_83_length_33996_cov_15.768481	33996	0.5906828045845032	0.043470050608051966
Bacteria_NZ_CP040094_108_length_19678_cov_12.904755	19678	0.14729687571525574	0.16579802099856486
Bacteria_NZ_CP040094_112_length_19193_cov_13.321350	19193	0.3170211613178253	0.11520885263237404
Bacteria_NZ_CP040094_116_length_17181_cov_13.520320	17181	0.217124804854393	0.14106050305914344
Bacteria_NZ_CP040094_124_length_14091_cov_12.304004	14091	0.2611154317855835	0.12922048493088603
Bacteria_NZ_CP040094_79_length_34635_cov_15.826489	34635	0.7447172403335571	0.02957171991842284
Bacteria_NZ_CP040094_120_length_15810_cov_13.410473	15810	0.5902582406997681	0.043507817811012914
Bacteria_NZ_CP040094_132_length_12894_cov_14.944622	12894	0.11854811012744904	0.17943198126746734
Bacteria_NZ_CP040094_109_length_19422_cov_19.962875	19422	0.42756015062332153	0.08984817584409699
Bacteria_NZ_CP040094_128_length_13638_cov_12.735036	13638	0.37917935848236084	0.10172596117531536
Bacteria_NZ_CP040094_113_length_17999_cov_52.675045	17999	0.5464088916778564	0.049493919480323285
Bacteria_NZ_CP040094_117_length_16979_cov_19.940912	16979	0.1166728213429451	0.1803950449429715
Bacteria_NZ_CP040094_136_length_10937_cov_65.095479	10937	0.20275458693504333	0.14597023944406678
Bacteria_NZ_CP040094_133_length_11599_cov_32.254938	11599	0.8324923515319824	0.02281139058841302
Bacteria_NZ_CP040094_125_length_14060_cov_16.796216	14060	0.37438929080963135	0.1026512576478586
Bacteria_NZ_CP040094_129_length_13633_cov_14.232435	13633	0.8086607456207275	0.024605332729058085
Bacteria_NZ_CP040094_121_length_15222_cov_62.023406	15222	0.3341398537158966	0.11152655034368154
Bacteria_NZ_CP040094_110_length_19382_cov_13.710250	19382	0.519266664981842	0.05470579348893421
Bacteria_NZ_CP040094_137_length_10338_cov_13.763979	10338	0.09955386817455292	0.18993126369061109
Bacteria_NZ_CP040094_114_length_17612_cov_12.580794	17612	0.8115960359573364	0.024303195105370497
Bacteria_NZ_CP040094_134_length_11310_cov_14.737717	11310	0.25929179787635803	0.12988141098270262
Bacteria_NZ_CP040094_118_length_16456_cov_20.458265	16456	0.673743724822998	0.03523680036256515
Bacteria_NZ_CP040094_126_length_13876_cov_14.012372	13876	0.18080109357833862	0.15352368003625652
Bacteria_NZ_CP040094_130_length_13000_cov_48.357744	13000	0.626531720161438	0.039523377898632826
Bacteria_NZ_CP040094_138_length_9822_cov_25.866899	9822	0.5465607047080994	0.04945615227736234
Bacteria_NZ_CP040094_111_length_19231_cov_12.678452	19231	0.5794361233711243	0.04452753229095853
Bacteria_NZ_CP040094_122_length_14505_cov_13.168166	14505	0.14819122850894928	0.1653825817659944
Bacteria_NZ_CP040094_115_length_17483_cov_13.843700	17483	0.27120110392570496	0.12678450033990482
Bacteria_NZ_CP040094_135_length_11090_cov_14.185229	11090	0.08391016721725464	0.2004494297152353
Bacteria_NZ_CP040094_119_length_16143_cov_14.236885	16143	0.1441584825515747	0.16728982551552232
Bacteria_NZ_CP040094_127_length_13812_cov_13.761358	13812	0.11721718311309814	0.1801873253266863
Bacteria_NZ_CP040094_131_length_12995_cov_14.952550	12995	0.5615873336791992	0.04662361205529118
Bacteria_NZ_CP040094_139_length_9441_cov_13.447795	9441	0.6123602986335754	0.040864113603746505
Bacteria_NZ_CP040094_123_length_14401_cov_13.214485	14401	0.3647979199886322	0.10480398821663267
Bacteria_NZ_CP040094_140_length_9342_cov_14.455906	9342	0.06218476593494415	0.22035274567565527
Bacteria_NZ_CP040094_156_length_5388_cov_21.111007	5388	0.31508246064186096	0.11549210665458116
Bacteria_NZ_CP040094_148_length_8154_cov_15.360291	8154	0.20655733346939087	0.14487499055819927
Bacteria_NZ_CP040094_144_length_8889_cov_22.322164	8889	0.26565903425216675	0.12799305083465518
Bacteria_NZ_CP040094_152_length_7400_cov_90.048468	7400	0.14664879441261292	0.16623234383261576
Bacteria_NZ_CP040094_168_length_3459_cov_13.371622	3459	0.013848763890564442	0.32017146310144273
Bacteria_NZ_CP040094_160_length_4704_cov_16.502259	4704	0.40067967772483826	0.09640078555782158
Bacteria_NZ_CP040094_164_length_3791_cov_14.052730	3791	0.16225095093250275	0.16013294055442254
Bacteria_NZ_CP040094_157_length_5302_cov_14.013150	5302	0.054559919983148575	0.2287937155374273
Bacteria_NZ_CP040094_141_length_9302_cov_14.060885	9302	0.14985059201717377	0.1646461213082559
Bacteria_NZ_CP040094_169_length_3454_cov_177.325978	3454	0.004558785818517208	0.3995203565223959
Bacteria_NZ_CP040094_153_length_6339_cov_17.044717	6339	0.1372690051794052	0.1708399425938515
Bacteria_NZ_CP040094_161_length_4346_cov_13.576556	4346	0.06176741048693657	0.220900370118589
Bacteria_NZ_CP040094_149_length_8126_cov_14.884277	8126	0.18380357325077057	0.15244731475186948
Bacteria_NZ_CP040094_145_length_8883_cov_14.079293	8883	0.6012603044509888	0.04222373291034066
Bacteria_NZ_CP040094_158_length_5251_cov_11.417821	5251	0.13905180990695953	0.16989576251982777
Bacteria_NZ_CP040094_165_length_3688_cov_13.272227	3688	0.017464550212025642	0.3041959362489614
Bacteria_NZ_CP040094_162_length_4231_cov_16.265086	4231	0.621679961681366	0.03988216632676184
Bacteria_NZ_CP040094_142_length_9300_cov_14.212980	9300	0.12519828975200653	0.1761273510083843
Bacteria_NZ_CP040094_170_length_3309_cov_13.929010	3309	0.09353954344987869	0.19355691517486215
Bacteria_NZ_CP040094_154_length_5951_cov_108.218284	5951	0.053980790078639984	0.22943575798776342
Bacteria_NZ_CP040094_163_length_3809_cov_23.179808	3809	0.10988257080316544	0.1839451620213007
Bacteria_NZ_CP040094_150_length_7960_cov_13.047691	7960	0.26716911792755127	0.12767202960948712
Bacteria_NZ_CP040094_171_length_3227_cov_12.401955	3227	0.0034920088946819305	0.4190082332502455
Bacteria_NZ_CP040094_146_length_8539_cov_14.259194	8539	0.7695258855819702	0.027853312183699675
Bacteria_NZ_CP040094_159_length_5194_cov_49.798210	5194	0.5074623823165894	0.058067074552458645
Bacteria_NZ_CP040094_143_length_9003_cov_13.204738	9003	0.57679283618927	0.04482966991464612
Bacteria_NZ_CP040094_166_length_3679_cov_10.871965	3679	0.18456637859344482	0.15223959513558427
Bacteria_NZ_CP040094_172_length_3216_cov_13.488453	3216	0.014643440023064613	0.3160548379786993
Bacteria_NZ_CP040094_147_length_8192_cov_13.480644	8192	0.10368015617132187	0.1876274643099932
Bacteria_NZ_CP040094_155_length_5532_cov_14.023736	5532	0.009488292038440704	0.34794924087922047
Bacteria_NZ_CP040094_151_length_7668_cov_23.680678	7668	0.17867422103881836	0.15431679129843645
Bacteria_NZ_CP040094_167_length_3561_cov_14.289504	3561	0.12277631461620331	0.17735478510461516
Bacteria_NZ_CP040094_173_length_3199_cov_11.309478	3199	0.11960490047931671	0.17895989123045547
Bacteria_NZ_CP040094_174_length_2879_cov_30.290368	2879	0.32821494340896606	0.11281063524435381
Bacteria_NZ_CP040094_175_length_2527_cov_25.586165	2527	0.5132249593734741	0.056292016013294054
Bacteria_NZ_CP040094_184_length_1566_cov_13.571145	1566	0.004683597479015589	0.39761311277286804
Bacteria_NZ_CP040094_196_length_1004_cov_12.473130	1004	0.050609588623046875	0.23360903391494825
Bacteria_NZ_CP040094_192_length_1184_cov_11.598760	1184	0.0022309361957013607	0.4518468162247904
Bacteria_NZ_CP040094_176_length_2398_cov_15.440034	2398	0.2117742896080017	0.14313769922199562
Bacteria_NZ_CP040094_180_length_2102_cov_14.532975	2102	0.6371667385101318	0.03840924541128484
Bacteria_NZ_CP040094_188_length_1473_cov_12.180536	1473	0.6478768587112427	0.0372573457209759
Bacteria_NZ_CP040094_193_length_1182_cov_13.590949	1182	0.00035119696985930204	0.5805952111186645
Bacteria_NZ_CP040094_177_length_2205_cov_17.229302	2205	0.0009753830963745713	0.5106503512349876
Bacteria_NZ_CP040094_181_length_2093_cov_14.388126	2093	0.049471933394670486	0.23502530402598384
Bacteria_NZ_CP040094_185_length_1546_cov_25.682093	1546	0.9999637603759766	0.0010574816829065639
Bacteria_NZ_CP040094_189_length_1437_cov_70.646165	1437	0.6920508146286011	0.033801646650049096
Bacteria_NZ_CP040094_194_length_1143_cov_72.527574	1143	0.6507035493850708	0.03701185890172974
Bacteria_NZ_CP040094_186_length_1509_cov_24.682256	1509	0.04143466055393219	0.2471296925749679
Bacteria_NZ_CP040094_182_length_1940_cov_12.608488	1940	0.05882816016674042	0.2242238839791525
Bacteria_NZ_CP040094_178_length_2183_cov_25.533365	2183	0.29176628589630127	0.12161039353425486
Bacteria_NZ_CP040094_195_length_1045_cov_230.488889	1045	0.030541034415364265	0.2667119873102198
Bacteria_NZ_CP040094_190_length_1412_cov_23.084746	1412	0.0019238466629758477	0.46217614623460984
Bacteria_NZ_CP040094_187_length_1504_cov_65.904072	1504	0.3805929124355316	0.1012538711383035
Bacteria_NZ_CP040094_179_length_2153_cov_37.438990	2153	0.015501556918025017	0.31235365208852633
Bacteria_NZ_CP040094_183_length_1616_cov_16.588085	1616	0.40153342485427856	0.09623083314449732
Bacteria_NZ_CP040094_191_length_1324_cov_121.944050	1324	0.40825051069259644	0.09421028778608656
Bacteria_NZ_CP041372_28_length_31632_cov_166.615670	31632	0.9544974565505981	0.013105219427449202
Bacteria_NZ_CP041372_8_length_155355_cov_83.695654	155355	0.5941922664642334	0.04307349497696201
Bacteria_NZ_CP041372_20_length_59422_cov_83.498408	59422	0.36053913831710815	0.10565375028325402
Bacteria_NZ_CP041372_24_length_54085_cov_81.756691	54085	0.17509211599826813	0.15533650577838207
Bacteria_NZ_CP041372_29_length_28298_cov_85.626810	28298	0.31446731090545654	0.11577536067678827
Bacteria_NZ_CP041372_16_length_108331_cov_83.426798	108331	0.641767144203186	0.03784273736687061
Bacteria_NZ_CP041372_12_length_119779_cov_84.343298	119779	0.4612782597541809	0.08065186192310597
Bacteria_NZ_CP041372_21_length_59358_cov_82.491274	59358	0.45894235372543335	0.08131278797492257
Bacteria_NZ_CP041372_25_length_52888_cov_82.240210	52888	0.5072427988052368	0.05818037616134149
Bacteria_NZ_CP041372_30_length_26351_cov_81.961401	26351	0.6898225545883179	0.034009366266334315
Prophage_NZ_CP041372_4_length_281070_cov_82.615700	281070	0.8869728446006775	0.01877029987159151
Bacteria_NZ_CP041372_17_length_71919_cov_81.774268	71919	0.32246825098991394	0.11401918573910416
Bacteria_NZ_CP041372_31_length_26285_cov_81.192337	26285	0.139731764793396	0.16949920688873782
Bacteria_NZ_CP041372_9_length_147928_cov_83.273147	147928	0.5885558128356934	0.043621119419895764
Bacteria_NZ_CP041372_22_length_57473_cov_82.304034	57473	0.2714325785636902	0.1267278495354634
Bacteria_NZ_CP041372_26_length_47059_cov_82.507276	47059	0.622248649597168	0.039825515522320415
Bacteria_NZ_CP041372_32_length_25153_cov_82.607618	25153	0.13220150768756866	0.1728227207493013
Bacteria_NZ_CP041372_13_length_113748_cov_83.339106	113748	0.5467322468757629	0.04938061787144044
Bacteria_NZ_CP041372_1_length_344661_cov_83.431783	344661	0.7056316137313843	0.03259309615529874
Bacteria_NZ_CP041372_18_length_66679_cov_83.842534	66679	0.24594217538833618	0.1333748772565904
Bacteria_NZ_CP041372_23_length_56640_cov_84.555801	56640	0.47033020853996277	0.07736611526550344
Bacteria_NZ_CP041372_33_length_23140_cov_83.116872	23140	0.5506258606910706	0.048663041015182415
Bacteria_NZ_CP041372_27_length_42573_cov_82.315608	42573	0.3087767958641052	0.11707832917894101
Bacteria_NZ_CP041372_36_length_18424_cov_81.923458	18424	0.35930633544921875	0.10593700430546114
Bacteria_NZ_CP041372_10_length_127598_cov_81.750939	127598	0.7369799017906189	0.030024926353954227
Bacteria_NZ_CP041372_34_length_20639_cov_85.502769	20639	0.09909626841545105	0.19019563411133772
Bacteria_NZ_CP041372_40_length_11488_cov_87.931514	11488	0.37331825494766235	0.10285897726414382
Bacteria_NZ_CP041372_19_length_59877_cov_82.916369	59877	0.34546566009521484	0.10876954452753229
Bacteria_NZ_CP041372_37_length_15146_cov_80.562720	15146	0.1018889918923378	0.18842057557217312
Bacteria_NZ_CP041372_44_length_3165_cov_582.534405	3165	0.01144405733793974	0.3336543545585014
Bacteria_NZ_CP041372_41_length_6210_cov_83.143786	6210	0.14989690482616425	0.16460835410529495
Bacteria_NZ_CP041372_35_length_19237_cov_80.087009	19237	0.23000061511993408	0.13760480398821665
Bacteria_NZ_CP041372_38_length_12443_cov_85.125444	12443	0.16211411356925964	0.16013294055442254
Bacteria_NZ_CP041372_45_length_3027_cov_75.930686	3027	0.1377485990524292	0.17066999018052723
Bacteria_NZ_CP041372_5_length_230775_cov_85.387353	230775	0.8302032947540283	0.02296245940025682
Bacteria_NZ_CP041372_48_length_1398_cov_247.227848	1398	0.9997406005859375	0.002247148576176448
Bacteria_NZ_CP041372_42_length_5198_cov_83.515069	5198	0.292713463306427	0.1212138379031649
Bacteria_NZ_CP041372_14_length_113140_cov_82.684255	113140	0.78102707862854	0.026758063297832164
Bacteria_NZ_CP041372_39_length_11575_cov_81.673177	11575	0.5638142824172974	0.046491426844927866
Bacteria_NZ_CP041372_49_length_1372_cov_439.155657	1372	0.27012625336647034	0.12702998715915098
Bacteria_NZ_CP041372_46_length_1763_cov_591.250585	1763	0.032903898507356644	0.2622365737593474
Bacteria_NZ_CP041372_43_length_3864_cov_164.825413	3864	0.9848759174346924	0.008573155072135357
Bacteria_NZ_CP041372_47_length_1477_cov_658.886076	1477	0.7444260120391846	0.02957171991842284
Bacteria_NZ_CP041372_11_length_123877_cov_83.317230	123877	0.39246541261672974	0.0983835637132714
Bacteria_NZ_CP041372_15_length_112979_cov_82.730633	112979	0.2650356590747833	0.12818188684945994
Bacteria_NZ_CP041372_6_length_192657_cov_83.221991	192657	0.805092453956604	0.024869703149784726
Bacteria_NZ_CP041372_2_length_321916_cov_83.182190	321916	0.857756495475769	0.020979681244807008
Bacteria_NZ_CP048810_11_length_238057_cov_32.527071	238057	0.374556303024292	0.10259460684341717
Bacteria_NZ_CP048810_15_length_194777_cov_32.179482	194777	0.13747966289520264	0.1707644081879296
Bacteria_NZ_CP048810_7_length_279599_cov_32.109564	279599	0.28772851824760437	0.12251680640531762
Bacteria_NZ_CP048810_19_length_180746_cov_32.688175	180746	0.15699996054172516	0.16196464989802856
Bacteria_NZ_CP041372_7_length_165695_cov_83.186489	165695	0.6368740797042847	0.03844701261424579
Bacteria_NZ_CP048810_3_length_383561_cov_32.669943	383561	0.32235780358314514	0.11401918573910416
Bacteria_NZ_CP048810_20_length_152118_cov_32.779710	152118	0.1336054503917694	0.17227509630636756
Bacteria_NZ_CP048810_16_length_194082_cov_31.574667	194082	0.28203701972961426	0.12408414532819699
Bacteria_NZ_CP048810_12_length_226599_cov_32.123058	226599	0.19969616830348969	0.14700883752549287
Bacteria_NZ_CP041372_3_length_290331_cov_82.686188	290331	0.8754050731658936	0.019790014351537124
Bacteria_NZ_CP048810_23_length_118063_cov_33.995263	118063	0.06434112787246704	0.2177468086713498
Bacteria_NZ_CP048810_8_length_266893_cov_33.341488	266893	0.2884833514690399	0.12236573759347383
Bacteria_NZ_CP048810_21_length_134701_cov_32.697139	134701	0.04551194608211517	0.2407848024775285
Bacteria_NZ_CP048810_27_length_90068_cov_32.243609	90068	0.07462041079998016	0.2083238915325931
Bacteria_NZ_CP048810_24_length_110415_cov_31.590304	110415	0.09658901393413544	0.19164967142533423
Bacteria_NZ_CP048810_17_length_184296_cov_32.193187	184296	0.4197778105735779	0.09192537200694917
Bacteria_NZ_CP048810_13_length_211128_cov_32.774329	211128	0.22154662013053894	0.1399841377747564
Bacteria_NZ_CP048810_1_length_566078_cov_32.428981	566078	0.5725393891334534	0.045339527154618926
Bacteria_NZ_CP048810_28_length_83279_cov_31.704004	83279	0.09245353192090988	0.1942556084296397
Bacteria_NZ_CP048810_22_length_132496_cov_32.203676	132496	0.10574987530708313	0.18649444822116473
Bacteria_NZ_CP048810_25_length_100149_cov_32.347264	100149	0.1291753649711609	0.17408792204849308
Bacteria_NZ_CP048810_4_length_354928_cov_31.999000	354928	0.3156411647796631	0.11532215424125689
Bacteria_NZ_CP048810_29_length_72536_cov_32.298451	72536	0.06903892755508423	0.21336581312787975
Bacteria_NZ_CP048810_9_length_256992_cov_32.026431	256992	0.3720613718032837	0.10317999848931188
Bacteria_NZ_CP048810_18_length_183039_cov_32.410342	183039	0.21378272771835327	0.14217463554649143
Bacteria_NZ_CP048810_26_length_93861_cov_34.778809	93861	0.1192815825343132	0.17903542563637737
Bacteria_NZ_CP048810_14_length_199640_cov_31.908200	199640	0.31355759501457214	0.11603973109751492
Bacteria_NZ_CP048810_30_length_69984_cov_31.582748	69984	0.047461219131946564	0.2379144950524964
Bacteria_NZ_CP048810_5_length_306324_cov_32.774189	306324	0.27282077074050903	0.12653901352065866
Bacteria_NZ_CP048810_10_length_256797_cov_32.258259	256797	0.2484254240989685	0.13288390361809804
Bacteria_NZ_CP048810_2_length_522410_cov_32.162797	522410	0.5384848117828369	0.05068358637359317
Bacteria_NZ_CP048810_6_length_285204_cov_32.653458	285204	0.27103644609451294	0.12686003474582672
Bacteria_NZ_CP048810_43_length_1374_cov_201.278241	1374	0.013660390861332417	0.3210023415665836
Bacteria_NZ_CP048810_39_length_4949_cov_32.919493	4949	0.09205552190542221	0.19467104766221013
Bacteria_NZ_CP048810_44_length_1324_cov_63.553191	1324	0.00546661764383316	0.38650955510234913
Bacteria_NZ_CP048810_35_length_19558_cov_31.890325	19558	0.023128438740968704	0.2848591283329557
Bacteria_NZ_CP048810_45_length_1079_cov_48.888672	1079	0.0013826352078467607	0.48627162172369515
Bacteria_NZ_CP048810_40_length_3582_cov_160.572158	3582	0.1343662440776825	0.17197295868267995
Bacteria_NZ_CP048810_36_length_8392_cov_31.129303	8392	0.0035670995712280273	0.4177241483495732
Bacteria_NZ_CP048810_41_length_1930_cov_127.833067	1930	0.5852816700935364	0.0439610242465443
Bacteria_NZ_CP048810_31_length_59123_cov_36.169279	59123	0.08981114625930786	0.19616285217916762
Bacteria_NZ_CP048810_42_length_1925_cov_166.765241	1925	0.001243394915945828	0.493390739481834
Bacteria_NZ_CP048810_37_length_7674_cov_32.072188	7674	0.07503972202539444	0.20800287030742504
Bacteria_NZ_CP048810_38_length_6402_cov_32.720025	6402	0.09185345470905304	0.19474658206813203
Bacteria_NZ_CP048810_32_length_51011_cov_31.386353	51011	0.05588389188051224	0.22741521262935266
Bacteria_NZ_CP048810_33_length_36665_cov_31.997105	36665	0.16536054015159607	0.15881108845078934
Bacteria_NZ_CP053109_14_length_226614_cov_13.011794	226614	0.9269661903381348	0.015843341642117984
Bacteria_NZ_CP048810_34_length_22885_cov_32.601007	22885	0.05053405091166496	0.23376010272679204
Bacteria_NZ_CP053109_10_length_287473_cov_13.282467	287473	0.8534142971038818	0.021319586071455548
Bacteria_NZ_CP053109_18_length_187233_cov_13.656904	187233	0.9230842590332031	0.01603217765692273
Bacteria_NZ_CP053109_22_length_168395_cov_13.585440	168395	0.9269803762435913	0.015843341642117984
Bacteria_NZ_CP053109_6_length_348010_cov_13.377273	348010	0.9481518268585205	0.013860563486668177
Bacteria_NZ_CP053109_26_length_139677_cov_13.266226	139677	0.9325841665267944	0.015352368003625652
Bacteria_NZ_CP053109_23_length_164561_cov_12.965503	164561	0.8006791472434998	0.025209607976433266
Bacteria_NZ_CP053109_15_length_221678_cov_13.035204	221678	0.8418772220611572	0.022093813732154997
Bacteria_NZ_CP053109_2_length_481770_cov_12.873830	481770	0.9445554614067078	0.014238235516277665
Bacteria_NZ_CP053109_19_length_183240_cov_13.526593	183240	0.8345870971679688	0.02258478737064733
Bacteria_NZ_CP053109_1_length_506193_cov_13.053132	506193	0.9755758047103882	0.009838356371327139
Bacteria_NZ_CP053109_27_length_139064_cov_13.007712	139064	0.9804836511611938	0.00923408112395196
Bacteria_NZ_CP053109_11_length_273656_cov_12.871134	273656	0.8238558173179626	0.0234156658357882
Bacteria_NZ_CP053109_7_length_339546_cov_12.968199	339546	0.9862446188926697	0.008252133846967293
Bacteria_NZ_CP053109_30_length_116599_cov_13.883109	116599	0.8891769051551819	0.018562580255306292
Bacteria_NZ_CP053109_24_length_156476_cov_12.802405	156476	0.914204478263855	0.016693103708739332
Bacteria_NZ_CP053109_28_length_125506_cov_12.960279	125506	0.8394067287445068	0.022301533348440216
Bacteria_NZ_CP053109_16_length_195380_cov_13.226673	195380	0.9025247097015381	0.017523982173880202
Bacteria_NZ_CP053109_20_length_173219_cov_13.371480	173219	0.960783839225769	0.012236573759347382
Bacteria_NZ_CP053109_31_length_112799_cov_13.507442	112799	0.9472424983978271	0.014049399501472921
Bacteria_NZ_CP053109_29_length_116722_cov_12.802129	116722	0.9496051073074341	0.013690611073343907
Bacteria_NZ_CP053109_25_length_144310_cov_13.574996	144310	0.9452797770500183	0.014162701110355768
Bacteria_NZ_CP053109_12_length_266541_cov_13.175007	266541	0.9588636159896851	0.012557594984515447
Bacteria_NZ_CP053109_17_length_188955_cov_12.915696	188955	0.9206489324569702	0.01629654807764937
Bacteria_NZ_CP053109_21_length_170948_cov_12.625520	170948	0.7941296100616455	0.02579499962232797
Bacteria_NZ_CP053109_32_length_107416_cov_12.807165	107416	0.707846999168396	0.03251756174937684
Bacteria_NZ_CP053109_34_length_90503_cov_12.899080	90503	0.8911864757537842	0.018354860639021073
Bacteria_NZ_CP053109_38_length_62493_cov_12.892373	62493	0.7422791719436646	0.029760555933227587
Bacteria_NZ_CP053109_3_length_453562_cov_13.570404	453562	0.9175230860710144	0.01646650049097364
Bacteria_NZ_CP053109_8_length_313128_cov_13.425374	313128	0.863468587398529	0.02063977641815847
Bacteria_NZ_CP053109_46_length_49958_cov_13.367553	49958	0.9174501895904541	0.01646650049097364
Bacteria_NZ_CP053109_42_length_54581_cov_12.914481	54581	0.8331307172775269	0.0226792053780497
Bacteria_NZ_CP053109_39_length_59007_cov_12.847639	59007	0.7761358618736267	0.027211269733363547
Bacteria_NZ_CP053109_35_length_71334_cov_16.506545	71334	0.7121506929397583	0.03210212251680641
Bacteria_NZ_CP053109_47_length_48741_cov_13.118371	48741	0.7031784057617188	0.03272528136566206
Bacteria_NZ_CP053109_33_length_105887_cov_13.092930	105887	0.9486908912658691	0.013841679885187703
Bacteria_NZ_CP053109_40_length_58896_cov_13.591135	58896	0.8612854480743408	0.020715310824080367
Bacteria_NZ_CP053109_43_length_53509_cov_13.806432	53509	0.6920768022537231	0.033801646650049096
Bacteria_NZ_CP053109_36_length_69578_cov_12.776592	69578	0.8011282086372375	0.02515295717199184
Bacteria_NZ_CP053109_50_length_44933_cov_14.337092	44933	0.33530497550964355	0.11120552911851349
Bacteria_NZ_CP053109_48_length_48106_cov_12.758132	48106	0.34410977363586426	0.10899614774529798
Bacteria_NZ_CP053109_13_length_260009_cov_13.286424	260009	0.9514191746711731	0.013445124254097742
Bacteria_NZ_CP053109_41_length_55602_cov_13.639062	55602	0.7603175044059753	0.02866530704736007
Bacteria_NZ_CP053109_37_length_69035_cov_12.641374	69035	0.7565205097198486	0.02887302666364529
Bacteria_NZ_CP053109_44_length_52776_cov_12.958707	52776	0.7698106169700623	0.027853312183699675
Bacteria_NZ_CP053109_51_length_39583_cov_13.650830	39583	0.8378884792327881	0.022433718558803536
Bacteria_NZ_CP053109_49_length_46846_cov_12.745699	46846	0.9034004211425781	0.017486214970919255
Bacteria_NZ_CP053109_58_length_28553_cov_12.920872	28553	0.39036592841148376	0.09893118815620515
Bacteria_NZ_CP053109_54_length_33604_cov_24.358192	33604	0.7903021574020386	0.02613490444897651
Bacteria_NZ_CP053109_62_length_21779_cov_12.384552	21779	0.5629980564117432	0.04651031044640834
Bacteria_NZ_CP053109_9_length_305277_cov_13.248160	305277	0.9296913146972656	0.015578971221391343
Bacteria_NZ_CP053109_63_length_21665_cov_12.667700	21665	0.08469836413860321	0.19980738726489916
Bacteria_NZ_CP053109_45_length_50336_cov_12.694974	50336	0.7090291380882263	0.03244202734345494
Bacteria_NZ_CP053109_59_length_27192_cov_13.002027	27192	0.3173390328884125	0.1150955510234912
Bacteria_NZ_CP053109_66_length_18307_cov_12.987563	18307	0.23621819913387299	0.1360752322682982
Bacteria_NZ_CP053109_52_length_38613_cov_13.870896	38613	0.7951701879501343	0.0257005816149256
Bacteria_NZ_CP053109_55_length_30564_cov_14.007670	30564	0.31794893741607666	0.11492559861016693
Bacteria_NZ_CP053109_70_length_13997_cov_12.597690	13997	0.052390214055776596	0.23121081652692801
Bacteria_NZ_CP053109_64_length_19064_cov_13.340049	19064	0.4691276550292969	0.0778382053025153
Bacteria_NZ_CP053109_74_length_10816_cov_25.490010	10816	0.31901466846466064	0.11466122818944029
Bacteria_NZ_CP053109_67_length_16752_cov_12.408876	16752	0.16686254739761353	0.15820681320341415
Bacteria_NZ_CP053109_60_length_25554_cov_12.926978	25554	0.5642886161804199	0.04639700883752549
Bacteria_NZ_CP053109_71_length_12745_cov_12.530181	12745	0.4307840168476105	0.08877181055970995
Bacteria_NZ_CP053109_75_length_9761_cov_12.704513	9761	0.09985771775245667	0.18970466047284537
Bacteria_NZ_CP053109_56_length_30408_cov_12.937502	30408	0.5017966628074646	0.060824080368607904
Bacteria_NZ_CP053109_65_length_18683_cov_15.069948	18683	0.5581557750701904	0.04719012009970541
Bacteria_NZ_CP053109_53_length_37383_cov_13.441626	37383	0.8254499435424805	0.02335901503134678
Bacteria_NZ_CP053109_68_length_16492_cov_12.410902	16492	0.7253804206848145	0.03104464083389984
Bacteria_NZ_CP053109_82_length_4340_cov_25.420770	4340	0.6090772151947021	0.04129843643779742
Bacteria_NZ_CP053109_78_length_7605_cov_16.252450	7605	0.09601587802171707	0.1920651106579047
Bacteria_NZ_CP053109_76_length_8985_cov_14.916349	8985	0.110667385160923	0.1834919555857693
Bacteria_NZ_CP053109_72_length_11902_cov_14.065249	11902	0.4293881952762604	0.08920613339376086
Bacteria_NZ_CP053109_61_length_23424_cov_12.617699	23424	0.33187249302864075	0.11209305838809577
Bacteria_NZ_CP053109_83_length_3407_cov_12.583532	3407	0.012337969616055489	0.3279515069113981
Bacteria_NZ_CP053109_79_length_7482_cov_13.477178	7482	0.13957081735134125	0.16961250849762066
Bacteria_NZ_CP053109_57_length_29316_cov_12.543420	29316	0.48517006635665894	0.07173880202432208
Bacteria_NZ_CP053109_69_length_15725_cov_14.077920	15725	0.5618945360183716	0.046585844852330235
Bacteria_NZ_CP053109_77_length_8536_cov_12.058484	8536	0.4015646278858185	0.09621194954301684
Bacteria_NZ_CP053109_4_length_369258_cov_12.920060	369258	0.9183087944984436	0.01642873328801269
Bacteria_NZ_CP053109_84_length_3366_cov_80.456056	3366	0.06678566336631775	0.21549966009517335
Bacteria_NZ_CP053109_73_length_11658_cov_14.279238	11658	0.9739429950714111	0.010064959589092832
Bacteria_NZ_CP053109_80_length_7027_cov_13.800201	7027	0.005401420406997204	0.3874159679734119
Bacteria_NZ_CP053109_85_length_3217_cov_14.575269	3217	0.09445644915103912	0.19293375632600648
Bacteria_NZ_CP053109_81_length_6678_cov_13.176808	6678	0.40047070384025574	0.096457436362263
Bacteria_NZ_CP053109_5_length_355643_cov_13.190833	355643	0.9759748578071594	0.009800589168366191
Bacteria_NZ_CP053109_86_length_2953_cov_12.609731	2953	0.050152283161878586	0.2342510763652844
Bacteria_NZ_CP053109_90_length_1711_cov_25.787440	1711	0.9601844549179077	0.012368758969710703
Bacteria_NZ_CP053109_94_length_1457_cov_24.706134	1457	0.007751069031655788	0.36196087317773246
Bacteria_NZ_CP053109_91_length_1693_cov_42.130647	1693	0.005290041211992502	0.38877558728000605
Bacteria_NZ_CP053109_87_length_2160_cov_16.166271	2160	1.2620797861018218e-05	0.7710552156507289
Bacteria_NZ_CP053109_95_length_1367_cov_29.036585	1367	0.134721577167511	0.17187854067527758
Bacteria_NZ_CP053109_92_length_1492_cov_17.662491	1492	0.0012926931958645582	0.4906526172671652
Bacteria_NZ_CP053109_88_length_2155_cov_48.726190	2155	0.027683068066835403	0.27324571342246395
Bacteria_NZ_CP053109_96_length_1288_cov_169.778589	1288	0.0034329723566770554	0.4201979001435154
Bacteria_NZ_CP053109_93_length_1480_cov_55.531228	1480	0.06178521364927292	0.22088148651710854
Bacteria_NZ_CP053109_89_length_1852_cov_74.218698	1852	0.2231026142835617	0.13954981494070548
Bacteria_NZ_CP053609_17_length_75422_cov_55.782491	75422	0.0773894339799881	0.20579348893420954
Bacteria_NZ_CP053109_97_length_1200_cov_41.131004	1200	0.35199370980262756	0.10739104161945766
Bacteria_NZ_CP053609_25_length_15055_cov_54.552200	15055	0.1761338710784912	0.15505325175617493
Bacteria_NZ_CP053609_13_length_109656_cov_55.135026	109656	0.07894518226385117	0.2044905204320568
Bacteria_NZ_CP053609_29_length_3172_cov_215.991338	3172	0.43966126441955566	0.08629805876576781
Bacteria_NZ_CP053609_5_length_161147_cov_55.111247	161147	0.1889590173959732	0.15069113981418536
Bacteria_NZ_CP053609_9_length_148417_cov_53.879706	148417	0.11175180971622467	0.1828499131354332
Bacteria_NZ_CP053609_26_length_14257_cov_70.156105	14257	0.05403594672679901	0.22941687438628294
Bacteria_NZ_CP053609_30_length_2820_cov_51.295118	2820	0.0007801622268743813	0.5258138832238084
Bacteria_NZ_CP053609_21_length_52766_cov_53.839654	52766	0.08094345033168793	0.20288541430621648
Bacteria_NZ_CP053609_18_length_63720_cov_52.953271	63720	0.06831764429807663	0.21381901956341112
Bacteria_NZ_CP053609_31_length_2789_cov_114.566935	2789	0.0023026487324386835	0.44965631845305537
Bacteria_NZ_CP053609_27_length_13356_cov_49.430419	13356	0.056701913475990295	0.22648991615680944
Bacteria_NZ_CP053609_32_length_2550_cov_55.033267	2550	0.01905071921646595	0.29802099856484626
Bacteria_NZ_CP053609_14_length_105901_cov_54.512216	105901	0.04943025857210159	0.2350630712289448
Bacteria_NZ_CP053609_33_length_2483_cov_170.823311	2483	0.48514026403427124	0.07173880202432208
Bacteria_NZ_CP053609_28_length_13355_cov_49.397970	13355	0.056701913475990295	0.22648991615680944
Bacteria_NZ_CP053609_22_length_49887_cov_53.376124	49887	0.025839906185865402	0.2777588941762973
Bacteria_NZ_CP053609_34_length_1958_cov_161.316343	1958	0.059227585792541504	0.22388397915250396
Bacteria_NZ_CP053609_37_length_1057_cov_146.765469	1057	0.8873802423477173	0.01873253266863056
Bacteria_NZ_CP053609_10_length_118060_cov_53.541045	118060	0.05859440192580223	0.22454490520432058
Bacteria_NZ_CP053609_35_length_1743_cov_218.317536	1743	0.08034597337245941	0.20333862074174786
Bacteria_NZ_CP053609_19_length_61149_cov_54.336531	61149	0.03198927268385887	0.26372837827630485
Bacteria_NZ_CP053609_23_length_33401_cov_54.413063	33401	0.03496222198009491	0.258478737064733
Bacteria_NZ_CP053609_36_length_1362_cov_102.583780	1362	0.0014179382706061006	0.4844021451771282
Bacteria_NZ_CP053609_6_length_153179_cov_53.367362	153179	0.2127356082201004	0.1427033763879447
Bacteria_NZ_CP053609_24_length_21915_cov_55.789707	21915	0.16983243823051453	0.15730040033235138
Bacteria_NZ_CP053609_15_length_100996_cov_53.666488	100996	0.10465210676193237	0.18717425787446182
Bacteria_NZ_CP053609_20_length_56040_cov_55.065571	56040	0.03486032783985138	0.25864868947805725
Bacteria_NZ_CP053609_11_length_113355_cov_54.141977	113355	0.10612908005714417	0.18630561220636
Bacteria_NZ_CP053609_16_length_87795_cov_54.614440	87795	0.05274869129061699	0.23083314449731854
Bacteria_NZ_CP053610_12_length_64681_cov_209.741250	64681	0.10278486460447311	0.18811843794848554
Bacteria_NZ_CP053609_1_length_521766_cov_53.853952	521766	0.3882018029689789	0.09930886018581464
Bacteria_NZ_CP053610_8_length_101587_cov_207.246031	101587	0.08236064016819	0.20171463101442708
Bacteria_NZ_CP053609_7_length_150697_cov_54.116581	150697	0.10191850364208221	0.18840169197069265
Bacteria_NZ_CP053610_13_length_2558_cov_212.461846	2558	0.00558011420071125	0.3849610997809502
Bacteria_NZ_CP053609_12_length_111624_cov_56.007529	111624	0.2874981462955475	0.12257345720975904
Bacteria_NZ_CP053611_7_length_1222_cov_428.843188	1222	0.3796256184577942	0.10159377596495203
Bacteria_NZ_CP053610_4_length_208132_cov_208.096469	208132	0.14135798811912537	0.16859279401767505
Bacteria_NZ_CP053610_9_length_71556_cov_215.102432	71556	0.0541701465845108	0.22920915476999773
Bacteria_NZ_CP053609_8_length_149163_cov_54.128611	149163	0.1145925372838974	0.18120703980663191
Bacteria_NZ_CP053610_10_length_71185_cov_208.918473	71185	0.04091644287109375	0.2480172218445502
Bacteria_NZ_CP053611_3_length_209161_cov_304.754445	209161	0.2009764313697815	0.14649898028552005
Bacteria_NZ_CP053610_5_length_108770_cov_209.284947	108770	0.09116214513778687	0.19525643930810485
Bacteria_NZ_CP053610_11_length_66922_cov_214.780056	66922	0.1347769796848297	0.17182188987083616
Bacteria_NZ_CP053609_2_length_265505_cov_54.002660	265505	0.2931126356124878	0.12110053629428205
Bacteria_NZ_CP053611_4_length_87973_cov_294.170147	87973	0.09455084055662155	0.192914872724526
Bacteria_NZ_CP059472_8_length_51989_cov_58.171140	51989	0.29151517152786255	0.12164816073721581
Bacteria_NZ_CP053610_6_length_106207_cov_210.931325	106207	0.12375888228416443	0.17682604426316187
Bacteria_NZ_CP059472_9_length_5783_cov_176.656599	5783	0.2649214267730713	0.12829518845834278
Bacteria_NZ_CP053611_5_length_72074_cov_294.868687	72074	0.05050027370452881	0.23377898632827251
Bacteria_NZ_CP059472_10_length_3099_cov_105.786137	3099	0.5004091262817383	0.06199486366039731
Bacteria_NZ_CP059472_11_length_2333_cov_81.333626	2333	0.6637121438980103	0.03602991162474507
Bacteria_NZ_CP053611_6_length_31242_cov_292.757912	31242	0.040158819407224655	0.24924465594078102
Bacteria_NZ_CP059472_12_length_1701_cov_126.408870	1701	0.002106905449181795	0.4560389757534557
Bacteria_NZ_CP053610_1_length_687791_cov_211.730379	687791	0.5227330923080444	0.05372384621194954
Bacteria_NZ_CP053610_7_length_104823_cov_210.214980	104823	0.0645022913813591	0.21761462346098648
Bacteria_NZ_CP053609_3_length_223139_cov_54.865920	223139	0.2321060746908188	0.13692499433491956
Bacteria_NZ_CP053611_1_length_512085_cov_300.466252	512085	0.5890880823135376	0.04356446861545434
Bacteria_NZ_CP059472_4_length_286252_cov_58.823747	286252	0.6636799573898315	0.03602991162474507
Bacteria_NZ_CP059472_5_length_139020_cov_58.790962	139020	0.48279327154159546	0.07275851650426769
Bacteria_NZ_CP061335_8_length_279285_cov_11.376134	279285	0.3468669056892395	0.1085429413097666
Bacteria_NZ_CP053609_4_length_207840_cov_53.983993	207840	0.3005272150039673	0.11911775813883224
Bacteria_NZ_CP061335_4_length_318281_cov_11.361711	318281	0.5771527290344238	0.044810786313165644
Bacteria_NZ_CP059472_1_length_704994_cov_58.549750	704994	0.8386309742927551	0.022395951355842585
Bacteria_NZ_CP059472_6_length_124744_cov_59.648197	124744	0.30059850215911865	0.11911775813883224
Bacteria_NZ_CP053611_2_length_278642_cov_293.087588	278642	0.27959495782852173	0.1248961401918574
Bacteria_NZ_CP053610_2_length_394512_cov_213.107226	394512	0.45115864276885986	0.08318226452148954
Bacteria_NZ_CP061335_1_length_458078_cov_11.145226	458078	0.49777230620384216	0.06499735629579273
Bacteria_NZ_CP061335_12_length_161325_cov_11.208997	161325	0.18234068155288696	0.15305158999924465
Bacteria_NZ_CP059472_7_length_106183_cov_59.724484	106183	0.2388899028301239	0.13535765541204017
Bacteria_NZ_CP061335_9_length_238504_cov_11.098034	238504	0.3359317183494568	0.11099780950222826
Bacteria_NZ_CP061335_16_length_141875_cov_11.289198	141875	0.26028481125831604	0.1295981569604955
Bacteria_NZ_CP061335_5_length_287633_cov_11.481410	287633	0.5138165354728699	0.05604652919404789
Bacteria_NZ_CP053610_3_length_218998_cov_210.415291	218998	0.24423646926879883	0.13377143288768034
Bacteria_NZ_CP061335_13_length_150283_cov_11.182875	150283	0.16496671736240387	0.15892439005967218
Bacteria_NZ_CP061335_17_length_123720_cov_11.011628	123720	0.12293402850627899	0.17727925069869324
Bacteria_NZ_CP061335_10_length_210934_cov_11.624263	210934	0.4979768395423889	0.06488405468690989
Bacteria_NZ_CP061335_14_length_143994_cov_11.161603	143994	0.3418518900871277	0.10956265578971221
Bacteria_NZ_CP061335_18_length_119620_cov_11.435445	119620	0.13014797866344452	0.1737857844248055
Bacteria_NZ_CP061335_2_length_448682_cov_11.617003	448682	0.6332926750183105	0.038843568245335754
Bacteria_NZ_CP061335_6_length_284411_cov_11.659392	284411	0.34203439950942993	0.10956265578971221
Bacteria_NZ_CP061335_11_length_182722_cov_11.442647	182722	0.372624933719635	0.10301004607598761
Bacteria_NZ_CP061335_15_length_143803_cov_11.578165	143803	0.2245628386735916	0.13913437570813506
Bacteria_NZ_CP061335_19_length_112738_cov_11.419016	112738	0.20342525839805603	0.14583805423370344
Bacteria_NZ_CP059472_2_length_623068_cov_58.811831	623068	0.8629084825515747	0.02063977641815847
Bacteria_NZ_CP061335_7_length_281995_cov_11.359098	281995	0.44535213708877563	0.0848251378502908
Bacteria_NZ_CP061335_3_length_338119_cov_11.915140	338119	0.5201215744018555	0.05446030666968804
Bacteria_NZ_CP059472_3_length_544518_cov_58.946305	544518	0.8384338617324829	0.02241483495732306
Bacteria_NZ_CP061335_48_length_3359_cov_86.636501	3359	0.020467158406972885	0.29297907696955966
Bacteria_NZ_CP061335_40_length_14778_cov_12.507845	14778	0.018909955397248268	0.2985308558048191
Bacteria_NZ_CP061335_44_length_6355_cov_9.759206	6355	0.009296501986682415	0.34908225696804895
Bacteria_NZ_CP061335_49_length_2539_cov_27.729871	2539	0.06441793590784073	0.21765239066394743
Bacteria_NZ_CP061335_36_length_22098_cov_11.911355	22098	0.050555095076560974	0.23374121912531157
Bacteria_NZ_CP061335_45_length_5632_cov_18.034068	5632	0.17503441870212555	0.15535538937986254
Bacteria_NZ_CP061335_41_length_13891_cov_14.637323	13891	0.09212751686573029	0.1946143968577687
Bacteria_NZ_CP061335_50_length_1853_cov_86.504449	1853	0.0005840547382831573	0.5458305007931112
Bacteria_NZ_CP061335_32_length_49467_cov_11.579920	49467	0.04569638520479202	0.24052043205680187
Bacteria_NZ_CP061335_28_length_55929_cov_11.829277	55929	0.05192091688513756	0.23183397537578368
Bacteria_NZ_CP061335_51_length_1260_cov_57.785062	1260	0.23908311128616333	0.13528212100611828
Bacteria_NZ_CP061335_37_length_17340_cov_11.298756	17340	0.059025149792432785	0.22405393156582823
Bacteria_NZ_CP061335_46_length_4340_cov_12.618203	4340	0.005732008721679449	0.38280836921217615
Bacteria_NZ_CP061335_24_length_86698_cov_11.823586	86698	0.2696399688720703	0.1270866379635924
Bacteria_NZ_CP061335_42_length_13411_cov_11.008086	13411	0.031456511467695236	0.2648047435606919
Bacteria_NZ_CP061335_20_length_101987_cov_11.535690	101987	0.08815988898277283	0.1972769846665156
Bacteria_NZ_CP061335_52_length_1250_cov_43.580753	1250	0.9089609384536743	0.017089659339829293
Bacteria_NZ_CP061335_47_length_4028_cov_17.375787	4028	0.006960381753742695	0.36904222373291035
Bacteria_NZ_CP061335_38_length_16778_cov_11.352568	16778	0.038906924426555634	0.2509441800740237
Bacteria_NZ_CP061335_33_length_46746_cov_11.406845	46746	0.059286996722221375	0.22382732834806254
Bacteria_NZ_CP061335_43_length_13101_cov_10.554959	13101	0.1260279268026352	0.17567414457285294
Bacteria_NZ_CP061335_29_length_55842_cov_11.883539	55842	0.05261891335248947	0.23102198051212328
Bacteria_NZ_CP061335_39_length_16215_cov_11.754579	16215	0.027300823479890823	0.2741521262935267
Bacteria_NZ_CP061335_34_length_33485_cov_11.258780	33485	0.028344962745904922	0.27139512047737746
Bacteria_NZ_CP061335_25_length_84680_cov_11.810836	84680	0.05788978934288025	0.22513029685021527
Bacteria_NZ_CP061335_30_length_53303_cov_11.164832	53303	0.06872481852769852	0.21349799833824307
Bacteria_NZ_CP061335_21_length_101364_cov_11.352624	101364	0.0783718079328537	0.20503814487499056
Bacteria_NZ_CP061335_35_length_23988_cov_10.799983	23988	0.06380051374435425	0.21823778230984214
Bacteria_NZ_CP061335_26_length_70412_cov_11.476228	70412	0.1352556049823761	0.17159528665307047
Bacteria_NZ_CP061335_31_length_49628_cov_11.171363	49628	0.11230761557817459	0.18258554271470656
Bacteria_NZ_CP061476_12_length_123795_cov_14.996274	123795	0.2142426073551178	0.14200468313316716
Bacteria_NZ_CP061476_8_length_165021_cov_16.188718	165021	0.0673716589808464	0.21495203565223958
Bacteria_NZ_CP061476_4_length_221075_cov_13.189571	221075	0.21262523531913757	0.14272225998942517
Bacteria_NZ_CP061335_22_length_89043_cov_11.903470	89043	0.10627945512533188	0.18621119419895762
Bacteria_NZ_CP061476_16_length_89993_cov_12.919722	89993	0.0838375836610794	0.2005249641211572
Bacteria_NZ_CP061476_1_length_284943_cov_13.193992	284943	0.3051459491252899	0.11792809124556235
Bacteria_NZ_CP061335_27_length_65045_cov_11.803893	65045	0.07444698363542557	0.20841830953999546
Bacteria_NZ_CP061476_20_length_66144_cov_13.743467	66144	0.13153380155563354	0.1731248583729889
Bacteria_NZ_CP061335_23_length_86947_cov_11.260404	86947	0.07704383134841919	0.20594455774605333
Bacteria_NZ_CP061476_13_length_116591_cov_13.207429	116591	0.19193610548973083	0.14950147292091548
Bacteria_NZ_CP061476_17_length_79528_cov_14.414669	79528	0.10773138701915741	0.18509706171160964
Bacteria_NZ_CP061476_24_length_52572_cov_13.429785	52572	0.050210580229759216	0.23408112395196012
Bacteria_NZ_CP061476_21_length_63796_cov_13.399005	63796	0.16747018694877625	0.1580179771886094
Bacteria_NZ_CP061476_9_length_157709_cov_13.261909	157709	0.18531294167041779	0.1519752247148576
Bacteria_NZ_CP061476_28_length_40476_cov_12.870364	40476	0.04644525796175003	0.23950071757685626
Bacteria_NZ_CP061476_5_length_176431_cov_13.181652	176431	0.19992372393608093	0.14693330311957095
Bacteria_NZ_CP061476_29_length_38563_cov_14.421237	38563	0.07604943960905075	0.20705869023340132
Bacteria_NZ_CP061476_25_length_52361_cov_13.655412	52361	0.04845111444592476	0.23668706095626557
Bacteria_NZ_CP061476_22_length_60967_cov_12.492185	60967	0.048851899802684784	0.2359506004985271
Bacteria_NZ_CP061476_18_length_79135_cov_15.093816	79135	0.22516091167926788	0.1390966085051741
Bacteria_NZ_CP061476_14_length_113511_cov_12.939607	113511	0.10398770868778229	0.1874763954981494
Bacteria_NZ_CP061476_30_length_38081_cov_13.844974	38081	0.06783738732337952	0.2143666440063449
Bacteria_NZ_CP061476_23_length_57045_cov_13.595999	57045	0.2819814085960388	0.12410302892967746
Bacteria_NZ_CP061476_26_length_52042_cov_13.456980	52042	0.0999399945139885	0.1896857768713649
Bacteria_NZ_CP061476_10_length_156097_cov_12.897854	156097	0.15299710631370544	0.16343757081350554
Bacteria_NZ_CP061476_2_length_257403_cov_13.573379	257403	0.29435569047927856	0.12064732985875067
Bacteria_NZ_CP061476_31_length_35997_cov_13.433699	35997	0.0332249216735363	0.26153788050456983
Bacteria_NZ_CP061476_19_length_75670_cov_13.262805	75670	0.05035184696316719	0.2339489387415968
Bacteria_NZ_CP061476_32_length_29402_cov_13.242887	29402	0.08389225602149963	0.20046831331671577
Bacteria_NZ_CP061476_40_length_10715_cov_13.313508	10715	0.24657413363456726	0.13329934285066847
Bacteria_NZ_CP061476_27_length_45074_cov_13.591950	45074	0.05889519304037094	0.22412946597175012
Bacteria_NZ_CP061476_36_length_22418_cov_12.770469	22418	0.025913255289196968	0.2775511745600121
Bacteria_NZ_CP061476_15_length_107628_cov_15.024885	107628	0.1415151059627533	0.16842284160435078
Bacteria_NZ_CP061476_41_length_7834_cov_12.450958	7834	0.08062240481376648	0.20314978472694312
Bacteria_NZ_CP061476_44_length_2934_cov_114.862452	2934	0.0037007792852818966	0.41500490973638493
Bacteria_NZ_CP061476_33_length_27666_cov_12.531201	27666	0.06035710126161575	0.22244882543998792
Bacteria_NZ_CP061476_48_length_1276_cov_36.833743	1276	0.0028952048160135746	0.4330765163531989
Bacteria_NZ_CP061476_37_length_15076_cov_13.663604	15076	0.14371564984321594	0.1674408943273661
Bacteria_NZ_CP061476_6_length_170143_cov_13.086849	170143	0.20275092124938965	0.14597023944406678
Bacteria_NZ_CP061476_42_length_6970_cov_13.324367	6970	0.4311732053756714	0.08869627615378806
Bacteria_NZ_CP061476_45_length_1716_cov_24.817580	1716	0.003672440070658922	0.415684719389682
Bacteria_NZ_CP061476_49_length_1240_cov_82.046414	1240	0.020324770361185074	0.2934889342095324
Bacteria_NZ_CP061476_46_length_1578_cov_114.736047	1578	0.010367424227297306	0.34118891154921066
Bacteria_NZ_CP061476_34_length_23755_cov_17.680802	23755	0.03698952496051788	0.2546642495656772
Bacteria_NZ_CP061476_43_length_4256_cov_15.020471	4256	0.2705889344215393	0.12695445275322909
Bacteria_NZ_CP061476_11_length_127385_cov_13.549855	127385	0.11534623801708221	0.1809237857844248
Bacteria_NZ_CP061476_50_length_1218_cov_19.012038	1218	0.12935489416122437	0.17405015484553213
Bacteria_NZ_CP061476_38_length_12556_cov_13.205664	12556	0.01718745008111	0.305215650728907
Bacteria_NZ_CP061476_47_length_1308_cov_26.850758	1308	0.4690820574760437	0.07785708890399577
Bacteria_NZ_CP061476_39_length_11725_cov_14.229477	11725	0.5676125288009644	0.046019336807916006
Bacteria_NZ_CP061476_35_length_23039_cov_12.932649	23039	0.12359869480133057	0.17692046227056424
Bacteria_NZ_CP061476_3_length_222139_cov_13.666968	222139	0.30885806679725647	0.11707832917894101
Bacteria_NZ_CP061476_7_length_169893_cov_13.607349	169893	0.24404054880142212	0.1338658508950827
Bacteria_NZ_LR824639_14_length_108155_cov_86.041748	108155	0.08390024304389954	0.20046831331671577
Bacteria_NZ_LR824639_10_length_150669_cov_85.021937	150669	0.3248210549354553	0.1135470957020923
Bacteria_NZ_LR824639_6_length_203906_cov_86.542381	203906	0.19590382277965546	0.148009668403958
Bacteria_NZ_LR824639_15_length_104070_cov_85.370110	104070	0.08587050437927246	0.19888209079235591
Bacteria_NZ_LR824639_11_length_139131_cov_84.575534	139131	0.12621580064296722	0.17557972656545057
Bacteria_NZ_LR824639_16_length_103492_cov_85.377989	103492	0.05034809932112694	0.2339489387415968
Bacteria_NZ_LR824639_2_length_379192_cov_85.110741	379192	0.4145347774028778	0.09292620288541431
Bacteria_NZ_LR824639_7_length_189933_cov_85.479439	189933	0.16904103755950928	0.15760253795603898
Bacteria_NZ_LR824639_12_length_117649_cov_85.646036	117649	0.1068124994635582	0.18583352216934815
Bacteria_NZ_LR824639_1_length_483922_cov_84.880860	483922	0.6971660256385803	0.03331067301155676
Bacteria_NZ_LR824639_17_length_84531_cov_85.806785	84531	0.0853583887219429	0.19924087922048492
Bacteria_NZ_LR824639_13_length_109084_cov_86.034982	109084	0.10522760450839996	0.18687212025077424
Bacteria_NZ_LR824639_8_length_162215_cov_85.612648	162215	0.07368292659521103	0.20915476999773397
Bacteria_NZ_LR824639_9_length_151257_cov_86.163225	151257	0.09655462950468063	0.19170632222977566
Bacteria_NZ_LR824639_3_length_362426_cov_85.819961	362426	0.3297431468963623	0.11252738122214669
Bacteria_NZ_LR824639_4_length_224279_cov_85.316701	224279	0.12905392050743103	0.174163456454415
Bacteria_NZ_LR824639_5_length_223172_cov_85.359663	223172	0.2714596688747406	0.1267278495354634
Bacteria_NZ_LR824639_30_length_58615_cov_85.665301	58615	0.03349872678518295	0.26108467406903846
Bacteria_NZ_LR824639_28_length_60179_cov_84.429928	60179	0.059730108827352524	0.2231852858977264
Bacteria_NZ_LR824639_26_length_60521_cov_86.493153	60521	0.030519593507051468	0.2667686381146612
Bacteria_NZ_LR824639_32_length_57016_cov_83.189481	57016	0.1218782514333725	0.17780799154014654
Bacteria_NZ_LR824639_22_length_72076_cov_88.567085	72076	0.20048211514949799	0.14670669990180527
Bacteria_NZ_LR824639_24_length_70767_cov_84.520067	70767	0.05458378791809082	0.22875594833446636
Bacteria_NZ_LR824639_18_length_82714_cov_86.312585	82714	0.08861403167247772	0.1968993126369061
Bacteria_NZ_LR824639_20_length_76441_cov_83.821878	76441	0.24799156188964844	0.13303497242994183
Bacteria_NZ_LR824639_23_length_71493_cov_85.814119	71493	0.022496603429317474	0.28676637208248357
Bacteria_NZ_LR824639_31_length_58245_cov_85.784894	58245	0.03684205561876297	0.2549852707908452
Bacteria_NZ_LR824639_27_length_60521_cov_83.543429	60521	0.04949108511209488	0.2349875368230229
Bacteria_NZ_LR824639_33_length_53037_cov_85.333755	53037	0.05625806748867035	0.2270186569982627
Bacteria_NZ_LR824639_29_length_59892_cov_87.575647	59892	0.057389937341213226	0.2256968048946295
Bacteria_NZ_LR824639_25_length_66458_cov_85.283406	66458	0.028261102735996246	0.27175390890550644
Bacteria_NZ_LR824639_21_length_72459_cov_85.536310	72459	0.05517631024122238	0.22811390588413022
Bacteria_NZ_LR824639_19_length_81149_cov_86.573051	81149	0.04293150454759598	0.24480700959286955
Bacteria_NZ_LR824639_46_length_16254_cov_86.857275	16254	0.04478619992733002	0.24178563335599365
Bacteria_NZ_LR824639_42_length_32285_cov_83.730158	32285	0.06385653465986252	0.21821889870836167
Bacteria_NZ_LR824639_40_length_35235_cov_84.902587	35235	0.022390125319361687	0.2871251605106126
Bacteria_NZ_LR824639_48_length_6056_cov_80.991001	6056	0.0010250635677948594	0.5068925145403731
Bacteria_NZ_LR824639_38_length_42573_cov_83.365304	42573	0.04062693193554878	0.24850819548304254
Bacteria_NZ_LR824639_36_length_46068_cov_86.307457	46068	0.031804051250219345	0.2640871667044339
Bacteria_NZ_LR824639_44_length_29751_cov_86.197602	29751	0.017954297363758087	0.3021942744920311
Bacteria_NZ_LR824639_34_length_52601_cov_85.077475	52601	0.05603080242872238	0.22728302741898934
Bacteria_NZ_LR824639_47_length_14272_cov_87.878033	14272	0.019698811694979668	0.29569831558274795
Bacteria_NZ_LR824639_49_length_5903_cov_168.455198	5903	0.15817613899707794	0.1613414910491729
Bacteria_NZ_LR824639_45_length_16672_cov_82.592706	16672	0.013811645098030567	0.32034141551476697
Bacteria_NZ_LR824639_43_length_31555_cov_84.325206	31555	0.01606481522321701	0.31035199033159605
Bacteria_NZ_LR824639_50_length_5253_cov_161.413428	5253	0.16866660118103027	0.15767807236196088
Bacteria_NZ_LR824639_41_length_32509_cov_85.239755	32509	0.11218395084142685	0.1826233099176675
Bacteria_NZ_LR824639_52_length_2075_cov_98.400000	2075	6.062175089027733e-06	0.8035350101971448
Bacteria_NZ_LR824639_39_length_37621_cov_86.895544	37621	0.048951998353004456	0.23581841528816375
Bacteria_NZ_LR824639_51_length_4535_cov_84.523884	4535	0.00019998975039925426	0.6157564770753078
Bacteria_NZ_LR824639_53_length_1757_cov_82.039953	1757	0.16000503301620483	0.16077498300475868
Bacteria_NZ_LR824639_37_length_43953_cov_86.629209	43953	0.025482751429080963	0.2785897726414382
Bacteria_NZ_LR824639_35_length_49437_cov_86.959337	49437	0.04030879959464073	0.24901805272301533
Phage_NC_047954_1_length_46643_cov_895.586589	46643	0.9999963045120239	0.0005287408414532819
Phage_NC_047747_1_length_40338_cov_731.024576	40338	1.0	0.0
Phage_NC_048639_3_length_11572_cov_158.288790	11572	0.9998456239700317	0.0019072437495279099
Phage_NC_048639_1_length_42158_cov_158.379332	42158	0.9972405433654785	0.005098572399728076
Phage_NC_048639_4_length_2634_cov_123.806126	2634	0.9995172023773193	0.002908074627993051
Phage_NC_048641_1_length_40095_cov_228.860789	40095	0.8841290473937988	0.01894025228491578
Phage_NC_048641_2_length_1134_cov_190.405931	1134	0.07517822831869125	0.20785180149558125
Phage_NC_048639_2_length_14245_cov_152.479986	14245	0.9999629259109497	0.0010574816829065639
Phage_NC_048168_1_length_43432_cov_134.048920	43432	0.9999958276748657	0.0005476244429337563
Phage_NC_048675_1_length_66181_cov_208.833122	66181	0.5563461184501648	0.04751114132487348
Phage_NC_047933_1_length_43182_cov_363.705219	43182	0.9999131560325623	0.001548455321398897
Phage_NC_049456_1_length_75471_cov_59.919155	75471	0.9447834491729736	0.014200468313316715
Phage_NC_049976_1_length_18751_cov_1040.653883	18751	0.9999844431877136	0.0008119948636603973
Phage_NC_048706_1_length_45935_cov_689.462511	45935	0.9999937415122986	0.000585391645894705
