name	len	score	pvalue
Bacteria_NZ_CP030047_21_length_7930_cov_27.967111	7930	0.06893014162778854	0.21342246393232117
Bacteria_NZ_CP030047_22_length_2746_cov_77.342995	2746	0.049284059554338455	0.23527079084523
Bacteria_NZ_CP030047_23_length_1666_cov_54.649907	1666	5.542232975130901e-05	0.6932547775511746
Bacteria_NZ_CP030047_17_length_91941_cov_23.947359	91941	0.2831314504146576	0.12389530931339225
Bacteria_NZ_CP040094_6_length_164044_cov_29.705986	164044	0.8718600869178772	0.01997885036634187
Bacteria_NZ_CP030047_18_length_74793_cov_25.262571	74793	0.0785181075334549	0.2049437268675882
Bacteria_NZ_CP040094_2_length_268419_cov_32.576877	268419	0.9388992190361023	0.014918045169574741
Bacteria_NZ_CP030047_19_length_51723_cov_25.278567	51723	0.046184174716472626	0.23987838960646574
Bacteria_NZ_CP030047_13_length_286447_cov_25.267867	286447	0.4213756322860718	0.09149104917289826
Bacteria_NZ_CP030047_20_length_43865_cov_24.192171	43865	0.05293337628245354	0.23060654127955282
Bacteria_NZ_CP040094_7_length_161340_cov_51.136901	161340	0.740106999874115	0.029892741143590907
Bacteria_NZ_CP040094_1_length_354158_cov_37.405207	354158	0.9216973185539246	0.016239897273207946
Bacteria_NZ_CP040094_10_length_144220_cov_50.731627	144220	0.710534393787384	0.0322531913286502
Bacteria_NZ_CP030047_9_length_522822_cov_25.280467	522822	0.6049827337265015	0.041713875670367856
Bacteria_NZ_CP040094_8_length_160638_cov_28.841503	160638	0.8140689134597778	0.024171009895007176
Bacteria_NZ_CP040094_14_length_128884_cov_37.903904	128884	0.9016991853713989	0.017580632978321624
Bacteria_NZ_CP030047_14_length_261759_cov_25.041299	261759	0.546556830406189	0.04945615227736234
Bacteria_NZ_CP040094_3_length_256635_cov_36.665313	256635	0.8130726218223572	0.024227660699448598
Bacteria_NZ_CP040094_11_length_142401_cov_38.746568	142401	0.8327908515930176	0.022792506986932547
Bacteria_NZ_CP040094_15_length_126962_cov_29.679372	126962	0.7985796332359314	0.025455094795679433
Bacteria_NZ_CP040094_9_length_151410_cov_37.428773	151410	0.9555639028549194	0.012935267014124934
Bacteria_NZ_CP030047_5_length_716767_cov_25.480978	716767	0.6984807848930359	0.03319737140267392
Bacteria_NZ_CP040094_18_length_111763_cov_45.291349	111763	0.8618370294570923	0.020715310824080367
Bacteria_NZ_CP040094_16_length_120785_cov_30.102278	120785	0.8565741181373596	0.021036332049248433
Bacteria_NZ_CP040094_12_length_139415_cov_29.264251	139415	0.8542368412017822	0.021187400861092227
Bacteria_NZ_CP030047_15_length_215781_cov_24.788064	215781	0.5782186985015869	0.04464083389984138
Bacteria_NZ_CP040094_4_length_245149_cov_50.809591	245149	0.9283269643783569	0.015730040033235138
Bacteria_NZ_CP040094_19_length_109956_cov_28.934305	109956	0.8196505308151245	0.02375557066243674
Bacteria_NZ_CP030047_10_length_445074_cov_24.905489	445074	0.34735405445098877	0.1083918724979228
Bacteria_NZ_CP040094_17_length_116073_cov_30.014610	116073	0.7298386096954346	0.030591434398368457
Bacteria_NZ_CP030047_16_length_136749_cov_25.242081	136749	0.16231802105903625	0.16011405695294206
Bacteria_NZ_CP040094_13_length_137210_cov_29.029908	137210	0.7417570352554321	0.029798323136188534
Bacteria_NZ_CP040094_20_length_109549_cov_40.756736	109549	0.7119946479797363	0.03215877332124783
Bacteria_NZ_CP040094_22_length_106101_cov_29.980386	106101	0.624091386795044	0.03971221391343757
Bacteria_NZ_CP040094_30_length_88345_cov_29.396115	88345	0.7737959623336792	0.027475640154090188
Bacteria_NZ_CP040094_26_length_94796_cov_28.863934	94796	0.7911227941513062	0.026040486441574136
Bacteria_NZ_CP040094_5_length_235123_cov_31.569797	235123	0.8944519758224487	0.018071606616813958
Bacteria_NZ_CP040094_31_length_87170_cov_30.515629	87170	0.8972958922386169	0.017939421406450638
Bacteria_NZ_CP040094_23_length_105801_cov_30.975763	105801	0.6360552906990051	0.038522547020167684
Bacteria_NZ_CP040094_21_length_106335_cov_28.804065	106335	0.582868218421936	0.044244278268751415
Bacteria_NZ_CP040094_27_length_92860_cov_39.360099	92860	0.927564263343811	0.015805574439157036
Bacteria_NZ_CP040094_34_length_86300_cov_32.215630	86300	0.8869311809539795	0.01877029987159151
Bacteria_NZ_CP040094_32_length_86890_cov_30.148857	86890	0.7583127617835999	0.028816375859203866
Bacteria_NZ_CP030047_11_length_358912_cov_25.715536	358912	0.5041297674179077	0.0594266938590528
Bacteria_NZ_CP030047_1_length_1164968_cov_25.331137	1164968	0.8038616180419922	0.0248885867512652
Bacteria_NZ_CP040094_38_length_78721_cov_30.879122	78721	0.7141067385673523	0.031932170103482135
Bacteria_NZ_CP040094_24_length_103001_cov_43.140171	103001	0.5180067420005798	0.055064581917063225
Bacteria_NZ_CP040094_28_length_88711_cov_29.222264	88711	0.8061039447784424	0.024775285142382353
Bacteria_NZ_CP040094_35_length_85968_cov_29.166203	85968	0.9226844906806946	0.016069944859883677
Bacteria_NZ_CP040094_33_length_86779_cov_42.251499	86779	0.8081951141357422	0.02462421633053856
Bacteria_NZ_CP040094_39_length_76360_cov_29.890007	76360	0.6600451469421387	0.03633204924843266
Bacteria_NZ_CP040094_25_length_102031_cov_52.661116	102031	0.6061397790908813	0.041638341264445954
Bacteria_NZ_CP040094_36_length_85870_cov_28.617794	85870	0.7460645437240601	0.0293828839036181
Bacteria_NZ_CP040094_29_length_88629_cov_42.555998	88629	0.6633143424987793	0.03604879522622555
Bacteria_NZ_CP040094_40_length_71574_cov_31.383982	71574	0.8736577033996582	0.019865548757459023
Bacteria_NZ_CP040094_42_length_70732_cov_35.036702	70732	0.635097861289978	0.03865473223053101
Bacteria_NZ_CP040094_46_length_66992_cov_29.767274	66992	0.8090248107910156	0.024548681924616664
Bacteria_NZ_CP040094_50_length_56330_cov_29.555540	56330	0.5213402509689331	0.05425258705340282
Bacteria_NZ_CP030047_6_length_654056_cov_25.331714	654056	0.5696246027946472	0.04569831558274794
Bacteria_NZ_CP040094_37_length_81068_cov_28.145557	81068	0.5349375605583191	0.05143893043281215
Bacteria_NZ_CP040094_41_length_70892_cov_30.311504	70892	0.5642866492271423	0.04639700883752549
Bacteria_NZ_CP040094_43_length_70420_cov_28.669921	70420	0.7560720443725586	0.028948561069567186
Bacteria_NZ_CP040094_51_length_55383_cov_43.878633	55383	0.6236535310745239	0.039731097514918046
Bacteria_NZ_CP040094_54_length_49663_cov_29.413119	49663	0.6960416436195374	0.03336732381599819
Bacteria_NZ_CP040094_47_length_66139_cov_66.069699	66139	0.4457996189594269	0.08467406903844701
Bacteria_NZ_CP030047_12_length_344816_cov_25.525405	344816	0.38354650139808655	0.10038522547020168
Bacteria_NZ_CP040094_58_length_46942_cov_55.592040	46942	0.3847925364971161	0.10006420424503361
Bacteria_NZ_CP040094_52_length_53903_cov_28.885790	53903	0.364301860332489	0.10484175541959362
Bacteria_NZ_CP040094_55_length_48580_cov_59.233509	48580	0.7682999968528748	0.027928846589621574
Bacteria_NZ_CP040094_44_length_70229_cov_59.909667	70229	0.565162181854248	0.04635924163456454
Bacteria_NZ_CP040094_48_length_62577_cov_67.424219	62577	0.587358832359314	0.04371553742729813
Bacteria_NZ_CP040094_62_length_41712_cov_50.699090	41712	0.5070134401321411	0.05818037616134149
Bacteria_NZ_CP040094_59_length_46618_cov_54.933252	46618	0.4719061255455017	0.07676184001812826
Bacteria_NZ_CP040094_56_length_47500_cov_34.216440	47500	0.6223453283309937	0.03980663192083994
Bacteria_NZ_CP040094_53_length_53589_cov_68.144226	53589	0.6975853443145752	0.03329178941007629
Bacteria_NZ_CP040094_63_length_40311_cov_37.827305	40311	0.8182743191719055	0.023868872271319588
Bacteria_NZ_CP040094_45_length_69866_cov_47.752188	69866	0.8201457262039185	0.02371780345947579
Bacteria_NZ_CP040094_49_length_57440_cov_53.569400	57440	0.9035841822624207	0.01746733136943878
Bacteria_NZ_CP040094_60_length_44570_cov_81.966820	44570	0.7639166116714478	0.028325402220711535
Bacteria_NZ_CP040094_66_length_37214_cov_60.598913	37214	0.6472617387771606	0.03731399652541733
Bacteria_NZ_CP040094_57_length_47264_cov_51.338601	47264	0.5483807921409607	0.049135131052194275
Bacteria_NZ_CP040094_64_length_40274_cov_28.217012	40274	0.5494882464408875	0.04888964423294811
Bacteria_NZ_CP040094_70_length_34416_cov_27.698990	34416	0.4097609519958496	0.09377596495203565
Bacteria_NZ_CP040094_74_length_31722_cov_28.785171	31722	0.5686854720115662	0.04579273359015031
Bacteria_NZ_CP040094_61_length_42790_cov_29.531040	42790	0.49118196964263916	0.06862300778004381
Bacteria_NZ_CP040094_67_length_35054_cov_29.603046	35054	0.42210614681243896	0.09137774756401541
Bacteria_NZ_CP040094_71_length_34185_cov_29.746880	34185	0.5919592380523682	0.04343228340509102
Bacteria_NZ_CP040094_75_length_31426_cov_60.557011	31426	0.5209782123565674	0.0543470050608052
Bacteria_NZ_CP040094_65_length_38508_cov_29.520792	38508	0.9256305694580078	0.015881108845078932
Bacteria_NZ_CP040094_72_length_33415_cov_29.061061	33415	0.9007818698883057	0.017656167384243523
Bacteria_NZ_CP040094_68_length_34748_cov_29.890180	34748	0.5344336032867432	0.05149558123725357
Bacteria_NZ_CP040094_76_length_30793_cov_28.382718	30793	0.6186403632164001	0.04018430395044943
Bacteria_NZ_CP040094_73_length_32276_cov_37.114646	32276	0.41935157775878906	0.09196313920991012
Bacteria_NZ_CP040094_69_length_34440_cov_29.617828	34440	0.3349596858024597	0.11129994712591586
Bacteria_NZ_CP040094_77_length_27030_cov_74.373494	27030	0.42695915699005127	0.08994259385149936
Bacteria_NZ_CP030047_7_length_591109_cov_24.900322	591109	0.4228130578994751	0.09122667875217161
Bacteria_NZ_CP030047_2_length_962086_cov_24.852693	962086	0.7928969264030457	0.02592718483269129
Bacteria_NZ_CP030047_8_length_549860_cov_25.518964	549860	0.6439720988273621	0.03761613414910492
Bacteria_NZ_CP030047_3_length_903237_cov_25.622075	903237	0.626672089099884	0.03948561069567188
Bacteria_NZ_CP030047_4_length_843452_cov_24.847644	843452	0.611152172088623	0.0410151824155903
Bacteria_NZ_CP040094_98_length_16978_cov_43.101991	16978	0.1193046048283577	0.17903542563637737
Bacteria_NZ_CP040094_102_length_14812_cov_120.489666	14812	0.6995141506195068	0.03310295339527155
Bacteria_NZ_CP040094_94_length_18084_cov_33.328526	18084	0.68495774269104	0.03433038749150238
Bacteria_NZ_CP040094_90_length_21219_cov_29.126394	21219	0.8490914106369019	0.021565072890701715
Bacteria_NZ_CP040094_106_length_13570_cov_95.516833	13570	0.7905739545822144	0.026116020847496035
Bacteria_NZ_CP040094_86_length_22992_cov_83.090116	22992	0.21265506744384766	0.14272225998942517
Bacteria_NZ_CP040094_78_length_26465_cov_78.889284	26465	0.7750083804130554	0.027324571342246393
Bacteria_NZ_CP040094_82_length_24668_cov_65.282777	24668	0.4383969306945801	0.08665684719389682
Bacteria_NZ_CP040094_99_length_16955_cov_27.629053	16955	0.12944281101226807	0.17403127124405166
Bacteria_NZ_CP040094_103_length_14626_cov_28.268478	14626	0.15384435653686523	0.16313543318981796
Bacteria_NZ_CP040094_107_length_13240_cov_30.006371	13240	0.13136890530586243	0.17316262557594986
Bacteria_NZ_CP040094_95_length_17612_cov_28.304779	17612	0.8115960359573364	0.024303195105370497
Bacteria_NZ_CP040094_91_length_20934_cov_29.380095	20934	0.7342579364776611	0.030251529571719917
Bacteria_NZ_CP040094_87_length_21995_cov_29.085597	21995	0.9532750844955444	0.013275171840773472
Bacteria_NZ_CP040094_83_length_23957_cov_29.536440	23957	0.33109229803085327	0.1122252435984591
Bacteria_NZ_CP040094_79_length_26384_cov_29.355729	26384	0.3225480318069458	0.11401918573910416
Bacteria_NZ_CP040094_108_length_12995_cov_28.076971	12995	0.5615873336791992	0.04662361205529118
Bacteria_NZ_CP040094_100_length_16202_cov_29.615470	16202	0.1410367786884308	0.16872497922803836
Bacteria_NZ_CP040094_104_length_14060_cov_36.874188	14060	0.37438929080963135	0.1026512576478586
Bacteria_NZ_CP040094_96_length_17483_cov_28.368201	17483	0.2887696921825409	0.12236573759347383
Bacteria_NZ_CP040094_88_length_21675_cov_26.720907	21675	0.4171850085258484	0.09245411284840245
Bacteria_NZ_CP040094_92_length_19952_cov_135.588229	19952	0.3842553496360779	0.10015862225243599
Bacteria_NZ_CP040094_109_length_11831_cov_37.036175	11831	0.6169231534004211	0.04037313996525417
Bacteria_NZ_CP040094_101_length_15810_cov_29.027356	15810	0.5902582406997681	0.043507817811012914
Bacteria_NZ_CP040094_105_length_13838_cov_29.484220	13838	0.17980849742889404	0.15395800287030742
Bacteria_NZ_CP040094_84_length_23775_cov_28.208179	23775	0.3124953508377075	0.11637963592416346
Bacteria_NZ_CP040094_80_length_26266_cov_32.317615	26266	0.5877282619476318	0.04371553742729813
Bacteria_NZ_CP040094_110_length_11406_cov_138.654215	11406	0.20291954278945923	0.1459513558425863
Bacteria_NZ_CP040094_89_length_21525_cov_29.801910	21525	0.5511279106140137	0.048455321398897196
Bacteria_NZ_CP040094_97_length_16980_cov_36.621507	16980	0.22333554923534393	0.13947428053478358
Bacteria_NZ_CP040094_114_length_9311_cov_29.166162	9311	0.14985059201717377	0.1646461213082559
Bacteria_NZ_CP040094_93_length_19229_cov_27.120111	19229	0.5794361233711243	0.04452753229095853
Bacteria_NZ_CP040094_118_length_7400_cov_196.742682	7400	0.1529853641986847	0.16343757081350554
Bacteria_NZ_CP040094_126_length_4716_cov_39.993349	4716	0.33226415514945984	0.11203640758365435
Bacteria_NZ_CP040094_122_length_5532_cov_31.325361	5532	0.009488292038440704	0.34794924087922047
Bacteria_NZ_CP040094_85_length_23570_cov_30.646396	23570	0.4657565951347351	0.07917894100762897
Bacteria_NZ_CP040094_130_length_3461_cov_28.892249	3461	0.013848763890564442	0.32017146310144273
Bacteria_NZ_CP040094_111_length_11158_cov_28.308295	11158	0.18973636627197266	0.15040788579197825
Bacteria_NZ_CP040094_115_length_9007_cov_28.188896	9007	0.57679283618927	0.04482966991464612
Bacteria_NZ_CP040094_81_length_25436_cov_67.149324	25436	0.5986197590827942	0.0424881033310673
Bacteria_NZ_CP040094_119_length_6444_cov_29.404602	6444	0.1364997774362564	0.17110431301457815
Bacteria_NZ_CP040094_127_length_4296_cov_315.748644	4296	0.013198698870837688	0.32330614094720145
Bacteria_NZ_CP040094_134_length_2778_cov_27.475211	2778	0.4079126715660095	0.09430470579348893
Bacteria_NZ_CP040094_131_length_3227_cov_29.139975	3227	0.0034920088946819305	0.4190082332502455
Bacteria_NZ_CP040094_123_length_5251_cov_26.023672	5251	0.10893306881189346	0.1844550192612735
Bacteria_NZ_CP040094_116_length_8883_cov_29.481309	8883	0.6012603044509888	0.04222373291034066
Bacteria_NZ_CP040094_138_length_2102_cov_32.384465	2102	0.6371667385101318	0.03840924541128484
Bacteria_NZ_CP040094_112_length_10338_cov_29.424098	10338	0.09955386817455292	0.18993126369061109
Bacteria_NZ_CP040094_120_length_6339_cov_35.196372	6339	0.1372690051794052	0.1708399425938515
Bacteria_NZ_CP040094_135_length_2469_cov_52.240679	2469	0.29476237297058105	0.12060956265578972
Bacteria_NZ_CP040094_128_length_3809_cov_48.456047	3809	0.10988257080316544	0.1839451620213007
Bacteria_NZ_CP040094_124_length_5192_cov_109.806697	5192	0.506403923034668	0.05844474658206813
Bacteria_NZ_CP040094_132_length_3199_cov_25.775127	3199	0.11960490047931671	0.17895989123045547
Bacteria_NZ_CP040094_117_length_8263_cov_28.762183	8263	0.10169447958469391	0.1885149935795755
Bacteria_NZ_CP040094_129_length_3689_cov_30.998074	3689	0.017464550212025642	0.3041959362489614
Bacteria_NZ_CP040094_139_length_2092_cov_28.154639	2092	0.049471933394670486	0.23502530402598384
Bacteria_NZ_CP040094_136_length_2183_cov_55.950188	2183	0.29176628589630127	0.12161039353425486
Bacteria_NZ_CP040094_121_length_6263_cov_32.955219	6263	0.09912967681884766	0.19019563411133772
Bacteria_NZ_CP040094_113_length_9411_cov_30.192924	9411	0.06534119695425034	0.21689704660472844
Bacteria_NZ_CP040094_125_length_4933_cov_28.575851	4933	0.04962034896016121	0.2348364680111791
Bacteria_NZ_CP040094_140_length_1699_cov_352.011557	1699	0.9709208607673645	0.01066923483646801
Bacteria_NZ_CP040094_142_length_1642_cov_56.676749	1642	0.0012671935837715864	0.4920500037767203
Bacteria_NZ_CP040094_133_length_2880_cov_61.551504	2880	0.2968710660934448	0.11998640380693405
Bacteria_NZ_CP040094_137_length_2113_cov_46.476676	2113	0.4044683575630188	0.09517335146159075
Bacteria_NZ_CP040094_146_length_1473_cov_26.697461	1473	0.6478768587112427	0.0372573457209759
Bacteria_NZ_CP040094_150_length_1004_cov_32.364594	1004	0.050609588623046875	0.23360903391494825
Bacteria_NZ_CP040094_151_length_1003_cov_481.540084	1003	0.015203725546598434	0.31363773698919856
Bacteria_NZ_CP040094_141_length_1674_cov_33.901174	1674	0.45522192120552063	0.08225696804894629
Bacteria_NZ_CP040094_143_length_1546_cov_55.436620	1546	0.9999637603759766	0.0010574816829065639
Bacteria_NZ_CP040094_147_length_1437_cov_145.855282	1437	0.6920508146286011	0.033801646650049096
Bacteria_NZ_CP040094_144_length_1508_cov_52.419821	1508	0.01913224533200264	0.29775662814411963
Bacteria_NZ_CP040094_148_length_1211_cov_29.903979	1211	0.00035119696985930204	0.5805952111186645
Bacteria_NZ_CP040094_145_length_1504_cov_146.857143	1504	0.3805929124355316	0.1012538711383035
Bacteria_NZ_CP040094_149_length_1167_cov_796.644784	1167	0.13587218523025513	0.1713497998338243
Bacteria_NZ_CP041372_15_length_77189_cov_57.868476	77189	0.5537486672401428	0.047888813354482966
Bacteria_NZ_CP041372_19_length_59358_cov_57.286748	59358	0.45894235372543335	0.08131278797492257
Bacteria_NZ_CP041372_23_length_52888_cov_57.199913	52888	0.5072427988052368	0.05818037616134149
Bacteria_NZ_CP041372_11_length_123877_cov_58.509829	123877	0.39246541261672974	0.0983835637132714
Bacteria_NZ_CP041372_16_length_73002_cov_57.761183	73002	0.6100523471832275	0.04122290203187552
Bacteria_NZ_CP041372_20_length_57473_cov_57.553084	57473	0.2714325785636902	0.1267278495354634
Bacteria_NZ_CP041372_7_length_173467_cov_57.916707	173467	0.5860834121704102	0.04384772263766146
Bacteria_NZ_CP041372_24_length_49618_cov_57.234631	49618	0.31734612584114075	0.1150955510234912
Bacteria_NZ_CP041372_21_length_56640_cov_59.438049	56640	0.47033020853996277	0.07736611526550344
Bacteria_NZ_CP041372_17_length_71919_cov_56.876851	71919	0.32246825098991394	0.11401918573910416
Bacteria_NZ_CP041372_3_length_290331_cov_57.682378	290331	0.8754050731658936	0.019790014351537124
Bacteria_NZ_CP041372_25_length_47159_cov_57.817510	47159	0.6282569169998169	0.03933454188382808
Bacteria_NZ_CP041372_12_length_112977_cov_57.688891	112977	0.2650356590747833	0.12818188684945994
Bacteria_NZ_CP041372_22_length_53944_cov_56.245171	53944	0.17736341059207916	0.15475111413248735
Bacteria_NZ_CP041372_26_length_42582_cov_56.962777	42582	0.30791640281677246	0.11724828159226527
Bacteria_NZ_CP041372_18_length_59422_cov_58.216534	59422	0.36053913831710815	0.10565375028325402
Bacteria_NZ_CP041372_8_length_147989_cov_57.861350	147989	0.5930292010307312	0.04324344739028627
Bacteria_NZ_CP041372_13_length_105747_cov_57.594018	105747	0.4295569956302643	0.08918724979228039
Bacteria_NZ_CP041372_1_length_455857_cov_58.875485	455857	0.8396930694580078	0.02228264974695974
Bacteria_NZ_CP041372_9_length_130157_cov_57.655393	130157	0.7412630319595337	0.029836090339149482
Bacteria_NZ_CP041372_14_length_88353_cov_58.583116	88353	0.44710856676101685	0.08427751340735705
Prophage_NZ_CP041372_4_length_281279_cov_57.619154	281279	0.8870956897735596	0.01877029987159151
Bacteria_NZ_CP041372_10_length_127547_cov_56.825252	127547	0.7369799017906189	0.030024926353954227
Bacteria_NZ_CP041372_5_length_230774_cov_59.944348	230774	0.832343339920044	0.02281139058841302
Bacteria_NZ_CP041372_2_length_348580_cov_58.095976	348580	0.871927797794342	0.019959966764861396
Bacteria_NZ_CP041372_6_length_179764_cov_57.987880	179764	0.7430765628814697	0.02964725432434474
Bacteria_NZ_CP041372_51_length_1372_cov_303.887623	1372	0.27012625336647034	0.12702998715915098
Bacteria_NZ_CP041372_47_length_3165_cov_399.539228	3165	0.01144405733793974	0.3336543545585014
Bacteria_NZ_CP041372_43_length_9026_cov_58.440642	9026	0.2670619487762451	0.12772868041392854
Bacteria_NZ_CP041372_39_length_12443_cov_58.610833	12443	0.1581132411956787	0.1613981418536143
Bacteria_NZ_CP041372_35_length_20700_cov_59.505352	20700	0.09943532943725586	0.18996903089357203
Bacteria_NZ_CP041372_31_length_26180_cov_58.632000	26180	0.32530927658081055	0.11352821210061183
Bacteria_NZ_CP041372_48_length_1763_cov_413.543326	1763	0.032903898507356644	0.2622365737593474
Bacteria_NZ_CP041372_44_length_6210_cov_56.547360	6210	0.14989690482616425	0.16460835410529495
Bacteria_NZ_CP041372_40_length_11575_cov_55.670139	11575	0.5638142824172974	0.046491426844927866
Bacteria_NZ_CP041372_27_length_39097_cov_60.180933	39097	0.3536904454231262	0.10720220560465292
Bacteria_NZ_CP041372_49_length_1477_cov_450.148383	1477	0.7444260120391846	0.02957171991842284
Bacteria_NZ_CP041372_45_length_5198_cov_58.428155	5198	0.292713463306427	0.1212138379031649
Bacteria_NZ_CP041372_36_length_19318_cov_56.399886	19318	0.23000061511993408	0.13760480398821665
Bacteria_NZ_CP041372_32_length_25055_cov_57.127760	25055	0.12388242036104202	0.17676939345872045
Bacteria_NZ_CP041372_41_length_11427_cov_60.658547	11427	0.3608820140361786	0.1055215650728907
Bacteria_NZ_CP041372_50_length_1398_cov_167.253909	1398	0.9997406005859375	0.002247148576176448
Bacteria_NZ_CP041372_46_length_3864_cov_117.583880	3864	0.9848759174346924	0.008573155072135357
Bacteria_NZ_CP041372_28_length_31632_cov_117.199132	31632	0.9544974565505981	0.013105219427449202
Bacteria_NZ_CP041372_42_length_10108_cov_57.970059	10108	0.08968615531921387	0.19623838658508952
Bacteria_NZ_CP041372_37_length_18463_cov_58.505432	18463	0.36081206798553467	0.10554044867437118
Bacteria_NZ_CP041372_33_length_23428_cov_57.569118	23428	0.6504597663879395	0.03701185890172974
Bacteria_NZ_CP041372_29_length_28392_cov_59.409323	28392	0.30225127935409546	0.11862678450033991
Bacteria_NZ_CP041372_38_length_18223_cov_55.007706	18223	0.13951760530471802	0.16963139209910114
Bacteria_NZ_CP041372_34_length_23140_cov_58.292094	23140	0.5506258606910706	0.048663041015182415
Bacteria_NZ_CP041372_30_length_26345_cov_56.687790	26345	0.6940679550170898	0.0335750434322834
Bacteria_NZ_CP048810_28_length_72536_cov_34.011603	72536	0.06820258498191833	0.21398897197673541
Bacteria_NZ_CP048810_24_length_110415_cov_33.430772	110415	0.09658901393413544	0.19164967142533423
Bacteria_NZ_CP048810_20_length_152118_cov_34.493388	152118	0.1336054503917694	0.17227509630636756
Bacteria_NZ_CP048810_4_length_354929_cov_33.879701	354929	0.3156411647796631	0.11532215424125689
Bacteria_NZ_CP048810_16_length_194777_cov_33.980634	194777	0.13747966289520264	0.1707644081879296
Bacteria_NZ_CP048810_29_length_69984_cov_33.453474	69984	0.047461219131946564	0.2379144950524964
Bacteria_NZ_CP048810_12_length_238057_cov_34.300678	238057	0.374556303024292	0.10259460684341717
Bacteria_NZ_CP048810_8_length_279599_cov_33.966789	279599	0.28772851824760437	0.12251680640531762
Bacteria_NZ_CP048810_25_length_93861_cov_36.498742	93861	0.11823464184999466	0.17958305007931114
Bacteria_NZ_CP048810_30_length_59123_cov_38.236710	59123	0.08981114625930786	0.19616285217916762
Bacteria_NZ_CP048810_21_length_134701_cov_34.426155	134701	0.04551194608211517	0.2407848024775285
Bacteria_NZ_CP048810_26_length_90069_cov_34.079565	90069	0.07462041079998016	0.2083238915325931
Bacteria_NZ_CP048810_31_length_51011_cov_32.873420	51011	0.05588389188051224	0.22741521262935266
Bacteria_NZ_CP048810_17_length_194082_cov_33.421689	194082	0.28203701972961426	0.12408414532819699
Bacteria_NZ_CP048810_32_length_36665_cov_33.883775	36665	0.16536054015159607	0.15881108845078934
Bacteria_NZ_CP048810_22_length_132504_cov_34.054225	132504	0.1056903675198555	0.18655109902560615
Bacteria_NZ_CP048810_13_length_226599_cov_33.877441	226599	0.19969616830348969	0.14700883752549287
Bacteria_NZ_CP048810_27_length_83279_cov_33.505455	83279	0.09245353192090988	0.1942556084296397
Bacteria_NZ_CP048810_33_length_22885_cov_34.420718	22885	0.05053405091166496	0.23376010272679204
Bacteria_NZ_CP048810_9_length_266893_cov_35.201006	266893	0.2884833514690399	0.12236573759347383
Bacteria_NZ_CP048810_5_length_306575_cov_34.627137	306575	0.27114495635032654	0.1268033839413853
Bacteria_NZ_CP048810_36_length_7674_cov_33.759811	7674	0.07503972202539444	0.20800287030742504
Bacteria_NZ_CP048810_1_length_566000_cov_34.295197	566000	0.5725393891334534	0.045339527154618926
Bacteria_NZ_CP048810_34_length_19558_cov_33.580629	19558	0.023128438740968704	0.2848591283329557
Bacteria_NZ_CP048810_37_length_5343_cov_37.819781	5343	0.1173347756266594	0.18009290731928393
Bacteria_NZ_CP048810_38_length_3612_cov_170.850155	3612	0.12211751937866211	0.17765692272830275
Bacteria_NZ_CP048810_35_length_8444_cov_32.789367	8444	0.0037644142284989357	0.41373970843719315
Bacteria_NZ_CP048810_39_length_1930_cov_135.455467	1930	0.5852816700935364	0.0439610242465443
Bacteria_NZ_CP048810_18_length_184296_cov_34.121460	184296	0.4197778105735779	0.09192537200694917
Bacteria_NZ_CP048810_40_length_1925_cov_177.193048	1925	0.001243394915945828	0.493390739481834
Bacteria_NZ_CP048810_23_length_117637_cov_35.512400	117637	0.0661274790763855	0.21617946974847044
Bacteria_NZ_CP048810_41_length_1374_cov_211.376801	1374	0.013660390861332417	0.3210023415665836
Bacteria_NZ_CP048810_42_length_1324_cov_67.170213	1324	0.00546661764383316	0.38650955510234913
Bacteria_NZ_CP048810_14_length_211128_cov_34.653068	211128	0.22154662013053894	0.1399841377747564
Bacteria_NZ_CP048810_10_length_258064_cov_34.308823	258064	0.2484254240989685	0.13288390361809804
Bacteria_NZ_CP048810_19_length_183039_cov_34.119355	183039	0.21378272771835327	0.14217463554649143
Bacteria_NZ_CP048810_6_length_287148_cov_34.418746	287148	0.27407896518707275	0.1262179922954906
Bacteria_NZ_CP048810_15_length_199640_cov_33.692166	199640	0.31355759501457214	0.11603973109751492
Bacteria_NZ_CP053109_6_length_355630_cov_24.424909	355630	0.9759748578071594	0.009800589168366191
Bacteria_NZ_CP048810_11_length_256992_cov_33.872346	256992	0.3720613718032837	0.10317999848931188
Bacteria_NZ_CP048810_7_length_285204_cov_34.546483	285204	0.27103644609451294	0.12686003474582672
Bacteria_NZ_CP053109_10_length_313163_cov_24.623612	313163	0.863468587398529	0.02063977641815847
Bacteria_NZ_CP053109_2_length_542447_cov_25.124974	542447	0.9458533525466919	0.014106050305914344
Bacteria_NZ_CP048810_2_length_522488_cov_34.049210	522488	0.5384848117828369	0.05068358637359317
Bacteria_NZ_CP053109_14_length_266541_cov_24.524756	266541	0.9588636159896851	0.012557594984515447
Bacteria_NZ_CP053109_1_length_590499_cov_23.932986	590499	0.92657470703125	0.015843341642117984
Bacteria_NZ_CP053109_18_length_213269_cov_24.233329	213269	0.8513765335083008	0.021432887680338394
Bacteria_NZ_CP053109_22_length_186325_cov_25.255806	186325	0.9226459264755249	0.016069944859883677
Bacteria_NZ_CP053109_7_length_340623_cov_24.859890	340623	0.9429184198379517	0.014445955132562882
Bacteria_NZ_CP053109_26_length_145847_cov_24.912848	145847	0.9651117920875549	0.01157564770753078
Bacteria_NZ_CP053109_11_length_312329_cov_24.123145	312329	0.8568863868713379	0.02101744844776796
Bacteria_NZ_CP053109_19_length_203744_cov_24.124234	203744	0.9113889932632446	0.016976357730946447
Bacteria_NZ_CP053109_23_length_176248_cov_26.891165	176248	0.8734691143035889	0.019865548757459023
Bacteria_NZ_CP053109_15_length_260009_cov_24.700970	260009	0.9514191746711731	0.013445124254097742
Bacteria_NZ_CP053109_27_length_144310_cov_24.775883	144310	0.9452797770500183	0.014162701110355768
Bacteria_NZ_CP048810_3_length_383561_cov_34.386547	383561	0.32235780358314514	0.11401918573910416
Bacteria_NZ_CP053109_3_length_506193_cov_24.269917	506193	0.9755758047103882	0.009838356371327139
Bacteria_NZ_CP053109_8_length_340194_cov_24.429616	340194	0.901574432849884	0.017580632978321624
Bacteria_NZ_CP053109_24_length_173391_cov_24.586641	173391	0.9615479707717896	0.012085504947503588
Bacteria_NZ_CP053109_30_length_116763_cov_24.070484	116763	0.9496051073074341	0.013690611073343907
Bacteria_NZ_CP053109_20_length_198318_cov_24.384212	198318	0.9364787936210632	0.015012463176977114
Bacteria_NZ_CP053109_12_length_281928_cov_24.533588	281928	0.9577563405036926	0.012670896593398293
Bacteria_NZ_CP053109_28_length_125506_cov_23.813266	125506	0.8394067287445068	0.022301533348440216
Bacteria_NZ_CP053109_16_length_226613_cov_24.053589	226613	0.9268192052841187	0.015843341642117984
Bacteria_NZ_CP053109_31_length_107681_cov_26.477338	107681	0.6943424940109253	0.03351839262784198
Bacteria_NZ_CP053109_29_length_117130_cov_25.555849	117130	0.8868182301521301	0.01877029987159151
Bacteria_NZ_CP053109_25_length_170948_cov_23.876478	170948	0.799008846282959	0.02543621119419896
Bacteria_NZ_CP053109_21_length_195313_cov_24.431132	195313	0.9018970727920532	0.017580632978321624
Bacteria_NZ_CP053109_32_length_80140_cov_25.279291	80140	0.8815662860870361	0.019110204698240048
Bacteria_NZ_CP053109_4_length_377868_cov_25.730351	377868	0.9330651760101318	0.015257949996223279
Bacteria_NZ_CP053109_9_length_339428_cov_24.190825	339428	0.98685222864151	0.008119948636603973
Bacteria_NZ_CP053109_17_length_218718_cov_24.619044	218718	0.934908390045166	0.015182415590301382
Bacteria_NZ_CP053109_33_length_69578_cov_24.026840	69578	0.7945186495780945	0.02575723241936702
Bacteria_NZ_CP053109_13_length_273656_cov_24.026012	273656	0.8238558173179626	0.0234156658357882
Bacteria_NZ_CP053109_5_length_377756_cov_24.216534	377756	0.9286278486251831	0.01569227283027419
Bacteria_NZ_CP053109_58_length_12728_cov_22.963308	12728	0.4307840168476105	0.08877181055970995
Bacteria_NZ_CP053109_62_length_8985_cov_30.425644	8985	0.10811330378055573	0.18500264370420727
Bacteria_NZ_CP053109_54_length_19064_cov_25.301173	19064	0.4691276550292969	0.0778382053025153
Bacteria_NZ_CP053109_50_length_25468_cov_24.718766	25468	0.5491089820861816	0.04890852783442858
Bacteria_NZ_CP053109_42_length_44933_cov_26.950154	44933	0.33530497550964355	0.11120552911851349
Bacteria_NZ_CP053109_46_length_33607_cov_46.608906	33607	0.8109602332115173	0.024378729511292392
Bacteria_NZ_CP053109_59_length_11699_cov_25.763741	11699	0.973788321018219	0.010064959589092832
Bacteria_NZ_CP053109_63_length_7605_cov_29.207682	7605	0.10826220363378525	0.1849082256968049
Bacteria_NZ_CP053109_38_length_54581_cov_23.653120	54581	0.8331307172775269	0.0226792053780497
Bacteria_NZ_CP053109_55_length_18683_cov_28.555239	18683	0.5581557750701904	0.04719012009970541
Bacteria_NZ_CP053109_34_length_68851_cov_24.187380	68851	0.9429579973220825	0.014445955132562882
Bacteria_NZ_CP053109_51_length_22846_cov_25.950551	22846	0.6733605265617371	0.0352745675655261
Bacteria_NZ_CP053109_64_length_7482_cov_24.447152	7482	0.13957081735134125	0.16961250849762066
Bacteria_NZ_CP053109_60_length_10816_cov_47.751975	10816	0.31901466846466064	0.11466122818944029
Bacteria_NZ_CP053109_47_length_31809_cov_25.660421	31809	0.46722012758255005	0.07857466576025379
Bacteria_NZ_CP053109_43_length_43286_cov_23.766117	43286	0.7816612720489502	0.026682528891910265
Bacteria_NZ_CP053109_65_length_7027_cov_26.011474	7027	0.005401420406997204	0.3874159679734119
Bacteria_NZ_CP053109_61_length_9761_cov_25.701010	9761	0.09985771775245667	0.18970466047284537
Bacteria_NZ_CP053109_56_length_16752_cov_22.981853	16752	0.16799715161323547	0.15792355918120704
Bacteria_NZ_CP053109_52_length_21797_cov_22.893892	21797	0.5592965483665466	0.046963516881939726
Bacteria_NZ_CP053109_39_length_50336_cov_24.225393	50336	0.7090291380882263	0.03244202734345494
Bacteria_NZ_CP053109_70_length_2155_cov_89.997619	2155	0.027683068066835403	0.27324571342246395
Bacteria_NZ_CP053109_66_length_5377_cov_143.218903	5377	0.13569268584251404	0.17138756703678526
Bacteria_NZ_CP053109_35_length_62873_cov_23.843755	62873	0.7447317838668823	0.02957171991842284
Bacteria_NZ_CP053109_48_length_30564_cov_26.428202	30564	0.31794893741607666	0.11492559861016693
Bacteria_NZ_CP053109_57_length_15689_cov_24.155111	15689	0.3610122799873352	0.10546491426844928
Bacteria_NZ_CP053109_44_length_39583_cov_25.125885	39583	0.8340526223182678	0.02262255457360828
Bacteria_NZ_CP053109_67_length_4341_cov_47.582828	4341	0.466579407453537	0.07882015257949997
Bacteria_NZ_CP053109_71_length_2083_cov_65.554241	2083	0.01265350729227066	0.32596872875594834
Bacteria_NZ_CP053109_53_length_21665_cov_23.392041	21665	0.08469836413860321	0.19980738726489916
Bacteria_NZ_CP053109_74_length_1480_cov_101.280702	1480	0.06178521364927292	0.22088148651710854
Bacteria_NZ_CP053109_68_length_3217_cov_25.566730	3217	0.09445644915103912	0.19293375632600648
Bacteria_NZ_CP053109_40_length_48106_cov_23.984912	48106	0.34410977363586426	0.10899614774529798
Bacteria_NZ_CP053109_72_length_1693_cov_78.474969	1693	0.0036795251071453094	0.4154769997733968
Bacteria_NZ_CP053109_49_length_30379_cov_23.387581	30379	0.5017966628074646	0.060824080368607904
Bacteria_NZ_CP053109_75_length_1288_cov_310.035685	1288	0.0034329723566770554	0.4201979001435154
Bacteria_NZ_CP053109_69_length_2953_cov_21.767771	2953	0.050152283161878586	0.2342510763652844
Bacteria_NZ_CP053109_45_length_37372_cov_24.163143	37372	0.8254499435424805	0.02335901503134678
Bacteria_NZ_CP053109_73_length_1492_cov_30.430063	1492	0.0012926931958645582	0.4906526172671652
Bacteria_NZ_CP053109_36_length_58860_cov_24.570989	58860	0.8612854480743408	0.020715310824080367
Bacteria_NZ_CP053109_41_length_46846_cov_23.820371	46846	0.9034004211425781	0.017486214970919255
Bacteria_NZ_CP053109_37_length_55602_cov_24.685240	55602	0.761313796043396	0.028570889039957702
Bacteria_NZ_CP053609_23_length_21915_cov_73.043138	21915	0.16983243823051453	0.15730040033235138
Bacteria_NZ_CP053609_19_length_56047_cov_71.946332	56047	0.03486032783985138	0.25864868947805725
Bacteria_NZ_CP053609_15_length_87795_cov_71.591372	87795	0.05274869129061699	0.23083314449731854
Bacteria_NZ_CP053609_27_length_3172_cov_283.735002	3172	0.43966126441955566	0.08629805876576781
Bacteria_NZ_CP053609_24_length_15049_cov_72.517941	15049	0.1761338710784912	0.15505325175617493
Bacteria_NZ_CP053609_11_length_113361_cov_70.465042	113361	0.10612908005714417	0.18630561220636
Bacteria_NZ_CP053609_7_length_153179_cov_70.270284	153179	0.2127356082201004	0.1427033763879447
Bacteria_NZ_CP053609_28_length_2820_cov_66.997107	2820	0.0007801622268743813	0.5258138832238084
Bacteria_NZ_CP053609_29_length_2789_cov_154.997805	2789	0.0016491038259118795	0.47361960873177733
Bacteria_NZ_CP053609_20_length_54677_cov_75.238933	54677	0.07258804887533188	0.21008006647027722
Bacteria_NZ_CP053609_25_length_14257_cov_91.521053	14257	0.05624857544898987	0.2270186569982627
Bacteria_NZ_CP053609_30_length_2550_cov_71.753106	2550	0.01905071921646595	0.29802099856484626
Bacteria_NZ_CP053609_16_length_75417_cov_72.844484	75417	0.0773894339799881	0.20579348893420954
Bacteria_NZ_CP053609_26_length_13356_cov_65.916848	13356	0.056701913475990295	0.22648991615680944
Bacteria_NZ_CP053609_31_length_1743_cov_286.536730	1743	0.13086241483688354	0.17344587959815697
Bacteria_NZ_CP053609_3_length_228930_cov_72.162678	228930	0.18490290641784668	0.15214517712818187
Bacteria_NZ_CP053609_21_length_49880_cov_70.034902	49880	0.025839906185865402	0.2777588941762973
Bacteria_NZ_CP053609_32_length_1362_cov_132.615149	1362	0.0014179382706061006	0.4844021451771282
Bacteria_NZ_CP053609_12_length_111624_cov_72.894747	111624	0.2874981462955475	0.12257345720975904
Bacteria_NZ_CP053609_33_length_1057_cov_186.254491	1057	0.8873802423477173	0.01873253266863056
Bacteria_NZ_CP053609_8_length_150703_cov_70.595242	150703	0.10191850364208221	0.18840169197069265
Bacteria_NZ_CP053609_22_length_33401_cov_71.191357	33401	0.03496222198009491	0.258478737064733
Bacteria_NZ_CP053609_17_length_63720_cov_69.398445	63720	0.06831764429807663	0.21381901956341112
Bacteria_NZ_CP053609_18_length_61152_cov_71.115194	61152	0.03186243772506714	0.26395498149407054
Bacteria_NZ_CP053609_13_length_105901_cov_70.509514	105901	0.04943025857210159	0.2350630712289448
Bacteria_NZ_CP053610_6_length_109374_cov_102.883433	109374	0.09140391647815704	0.19501095248885866
Bacteria_NZ_CP053609_9_length_149163_cov_70.973804	149163	0.1145925372838974	0.18120703980663191
Bacteria_NZ_CP053610_10_length_71555_cov_105.796294	71555	0.0530255064368248	0.23051212327215045
Bacteria_NZ_CP053610_2_length_252355_cov_103.227408	252355	0.44091087579727173	0.08607145554800212
Bacteria_NZ_CP053609_4_length_223139_cov_71.719420	223139	0.23699450492858887	0.1357919782460911
Bacteria_NZ_CP053609_14_length_100941_cov_70.948913	100941	0.10465210676193237	0.18717425787446182
Bacteria_NZ_CP053610_7_length_106200_cov_104.211484	106200	0.12375888228416443	0.17682604426316187
Bacteria_NZ_CP053610_11_length_71187_cov_102.181845	71187	0.04091644287109375	0.2480172218445502
Bacteria_NZ_CP053610_14_length_13085_cov_106.454797	13085	0.049817927181720734	0.23459098119193292
Bacteria_NZ_CP053609_1_length_521786_cov_70.556852	521786	0.3882018029689789	0.09930886018581464
Bacteria_NZ_CP053610_15_length_2558_cov_104.942469	2558	0.00558011420071125	0.3849610997809502
Bacteria_NZ_CP053609_10_length_148417_cov_70.427003	148417	0.11175180971622467	0.1828499131354332
Bacteria_NZ_CP053610_16_length_1194_cov_134.131694	1194	0.9602875113487244	0.012368758969710703
Bacteria_NZ_CP053610_12_length_66915_cov_106.558959	66915	0.1347769796848297	0.17182188987083616
Bacteria_NZ_CP053610_8_length_104828_cov_103.700953	104828	0.0645022913813591	0.21761462346098648
Bacteria_NZ_CP053610_3_length_219005_cov_102.890080	219005	0.24423646926879883	0.13377143288768034
Bacteria_NZ_CP053610_13_length_65466_cov_102.758848	65466	0.10083578526973724	0.1890248508195483
Bacteria_NZ_CP053610_9_length_101600_cov_103.186449	101600	0.08115126192569733	0.20267769468993127
Bacteria_NZ_CP053611_6_length_31242_cov_192.162151	31242	0.040158819407224655	0.24924465594078102
Bacteria_NZ_CP053611_7_length_1246_cov_281.944584	1246	0.42568162083625793	0.09033914948258932
Bacteria_NZ_CP053609_5_length_207840_cov_70.860375	207840	0.30019721388816833	0.11915552534179319
Bacteria_NZ_CP053609_2_length_265508_cov_70.761261	265508	0.2949415445327759	0.12057179545282877
Bacteria_NZ_CP053611_2_length_278635_cov_190.412363	278635	0.27959495782852173	0.1248961401918574
Bacteria_NZ_CP053610_4_length_208075_cov_102.909783	208075	0.14135798811912537	0.16859279401767505
Bacteria_NZ_CP053609_6_length_161147_cov_71.890131	161147	0.1889590173959732	0.15069113981418536
Bacteria_NZ_CP053610_1_length_673165_cov_104.006775	673165	0.5304940938949585	0.05238311050683586
Bacteria_NZ_CP053611_3_length_209161_cov_197.399769	209161	0.2009764313697815	0.14649898028552005
Bacteria_NZ_CP053610_5_length_140933_cov_107.235445	140933	0.16604101657867432	0.15843341642117983
Bacteria_NZ_CP053611_4_length_88091_cov_191.443500	88091	0.09455084055662155	0.192914872724526
Bacteria_NZ_CP053611_1_length_512085_cov_195.332422	512085	0.588889479637146	0.04356446861545434
Bacteria_NZ_CP053611_5_length_72436_cov_190.866567	72436	0.05121869221329689	0.23279703905128787
Bacteria_NZ_CP059472_1_length_704994_cov_87.363593	704994	0.8386309742927551	0.022395951355842585
Bacteria_NZ_CP059472_2_length_623068_cov_87.340381	623068	0.8629084825515747	0.02063977641815847
Bacteria_NZ_CP059472_11_length_1701_cov_183.871810	1701	0.002106905449181795	0.4560389757534557
Bacteria_NZ_CP061335_20_length_65040_cov_40.871540	65040	0.0750773698091507	0.20790845230002267
Bacteria_NZ_CP059472_7_length_106183_cov_88.830252	106183	0.2388899028301239	0.13535765541204017
Bacteria_NZ_CP061335_21_length_22098_cov_40.792496	22098	0.05098661035299301	0.23311806027645593
Bacteria_NZ_CP059472_8_length_5783_cov_264.903806	5783	0.2649214267730713	0.12829518845834278
Bacteria_NZ_CP061335_22_length_14693_cov_45.406271	14693	0.020236244425177574	0.29392325704358335
Bacteria_NZ_CP061335_16_length_135780_cov_40.790923	135780	0.16304849088191986	0.1597175013218521
Bacteria_NZ_CP059472_9_length_3099_cov_159.494415	3099	0.5004091262817383	0.06199486366039731
Bacteria_NZ_CP061335_23_length_14543_cov_42.732468	14543	0.010653337463736534	0.33907394818339753
Bacteria_NZ_CP059472_10_length_2333_cov_121.155838	2333	0.6637121438980103	0.03602991162474507
Bacteria_NZ_CP061335_12_length_199836_cov_40.365610	199836	0.4168015718460083	0.09252964725432435
Bacteria_NZ_CP061335_28_length_2592_cov_74.262515	2592	0.06595473736524582	0.21638718936475565
Bacteria_NZ_CP061335_24_length_14289_cov_51.607489	14289	0.09695576131343842	0.19136641740312713
Bacteria_NZ_CP061335_29_length_1853_cov_278.726363	1853	0.0005840547382831573	0.5458305007931112
Bacteria_NZ_CP061335_25_length_13402_cov_38.279913	13402	0.03171662241220474	0.2643515371251605
Bacteria_NZ_CP061335_17_length_84428_cov_40.375582	84428	0.07684610784053802	0.2061145101593776
Bacteria_NZ_CP061335_26_length_8523_cov_68.197567	8523	0.046918340027332306	0.2386509555102349
Bacteria_NZ_CP061335_8_length_319661_cov_41.534017	319661	0.5481292009353638	0.04915401465367475
Bacteria_NZ_CP061335_27_length_3264_cov_301.649112	3264	0.02135467529296875	0.2902598383563713
Bacteria_NZ_CP061335_18_length_76725_cov_41.410695	76725	0.11987660825252533	0.1788654732230531
Bacteria_NZ_CP061335_13_length_171322_cov_41.864270	171322	0.3536437749862671	0.10720220560465292
Bacteria_NZ_CP061335_4_length_458077_cov_40.378215	458077	0.49434512853622437	0.06720673766900823
Bacteria_NZ_CP061335_19_length_74208_cov_41.948377	74208	0.11587372422218323	0.18073494976962007
Bacteria_NZ_CP061335_9_length_257969_cov_41.125422	257969	0.2896706461906433	0.1220824835712667
Bacteria_NZ_CP059472_3_length_544518_cov_87.627218	544518	0.8384338617324829	0.02241483495732306
Bacteria_NZ_CP061335_14_length_160079_cov_40.283476	160079	0.35596615076065063	0.10663569756023869
Bacteria_NZ_CP061476_7_length_200293_cov_65.760690	200293	0.32071155309677124	0.11432132336279176
Bacteria_NZ_CP061476_3_length_393362_cov_60.049661	393362	0.3897278904914856	0.0989689553591661
Bacteria_NZ_CP061335_1_length_797590_cov_41.464920	797590	0.7786890268325806	0.026984666515597854
Bacteria_NZ_CP061476_1_length_514090_cov_65.888187	514090	0.5382845401763916	0.05075912077951507
Bacteria_NZ_CP061335_10_length_245764_cov_40.257447	245764	0.3086298704147339	0.11711609638190196
Bacteria_NZ_CP061476_8_length_179066_cov_61.807816	179066	0.20850199460983276	0.14428959891230456
Bacteria_NZ_CP061335_15_length_153520_cov_40.517219	153520	0.17350634932518005	0.15599743183019865
Bacteria_NZ_CP059472_4_length_286839_cov_87.605424	286839	0.6639125347137451	0.03602991162474507
Bacteria_NZ_CP061476_11_length_107628_cov_67.850343	107628	0.14118868112564087	0.1687060956265579
Bacteria_NZ_CP061335_5_length_408196_cov_41.061395	408196	0.4211985766887665	0.0915288163758592
Bacteria_NZ_CP061476_9_length_169890_cov_60.116307	169890	0.2570034861564636	0.13061787144044112
Bacteria_NZ_CP061476_4_length_286325_cov_60.644102	286325	0.2978503704071045	0.11979756779212931
Bacteria_NZ_CP061335_11_length_236657_cov_42.309418	236657	0.26533421874046326	0.12810635244353802
Bacteria_NZ_CP061476_12_length_76302_cov_62.350047	76302	0.055107682943344116	0.22817055668857164
Bacteria_NZ_CP061476_10_length_126844_cov_61.867118	126844	0.11463877558708191	0.18118815620515144
Bacteria_NZ_CP059472_5_length_176820_cov_88.364427	176820	0.39957451820373535	0.09677845758743107
Bacteria_NZ_CP061476_15_length_60100_cov_63.043834	60100	0.0711403340101242	0.21153410378427373
Bacteria_NZ_CP061476_13_length_66144_cov_59.761125	66144	0.13153380155563354	0.1731248583729889
Bacteria_NZ_CP061476_19_length_52159_cov_60.410794	52159	0.08426893502473831	0.20016617569302816
Bacteria_NZ_CP061476_16_length_57039_cov_61.999333	57039	0.2819814085960388	0.12410302892967746
Bacteria_NZ_CP061476_14_length_61202_cov_59.030075	61202	0.05237158015370369	0.23121081652692801
Bacteria_NZ_CP061476_2_length_410473_cov_62.122076	410473	0.5621815919876099	0.04656696125084976
Bacteria_NZ_CP061476_20_length_51942_cov_59.452175	51942	0.143588125705719	0.167516428733288
Bacteria_NZ_CP061476_17_length_53839_cov_62.178436	53839	0.052793845534324646	0.2307953772943576
Bacteria_NZ_CP059472_6_length_139020_cov_87.437448	139020	0.48279327154159546	0.07275851650426769
Bacteria_NZ_CP061476_27_length_15082_cov_60.856192	15082	0.13610395789146423	0.17131203263086336
Bacteria_NZ_CP061476_5_length_282759_cov_63.336536	282759	0.400634765625	0.09640078555782158
Bacteria_NZ_CP061335_6_length_337451_cov_41.442717	337451	0.5201215744018555	0.05446030666968804
Bacteria_NZ_CP061476_31_length_2934_cov_532.183744	2934	0.0026235487312078476	0.4401767505098572
Bacteria_NZ_CP061476_23_length_37683_cov_61.192729	37683	0.06375916302204132	0.21825666591132262
Bacteria_NZ_CP061476_32_length_2321_cov_113.784201	2321	0.10209144651889801	0.18832615756477075
Bacteria_NZ_CP061476_28_length_13606_cov_63.547561	13606	0.025477977469563484	0.2785897726414382
Bacteria_NZ_CP061476_21_length_41277_cov_61.918805	41277	0.1277865469455719	0.17472996449882922
Bacteria_NZ_CP061476_33_length_1577_cov_534.001314	1577	0.008732524700462818	0.3534443689100385
Bacteria_NZ_CP061476_24_length_29321_cov_59.843778	29321	0.08423426747322083	0.20022282649746959
Bacteria_NZ_CP061335_2_length_555309_cov_40.413733	555309	0.6661325097084045	0.0358599592114208
Bacteria_NZ_CP061476_29_length_9909_cov_61.652121	9909	0.03827471658587456	0.25202054535841073
Bacteria_NZ_CP061476_18_length_52551_cov_60.736951	52551	0.04874156042933464	0.23621497091925373
Bacteria_NZ_CP061476_34_length_1473_cov_185.354020	1473	0.2479788213968277	0.13303497242994183
Bacteria_NZ_CP061476_35_length_1198_cov_377.911636	1198	0.03277770057320595	0.2624442933756326
Bacteria_NZ_CP061476_30_length_4666_cov_64.083713	4666	0.9994292259216309	0.0029647254324344737
Bacteria_NZ_CP061476_22_length_40597_cov_59.728528	40597	0.045682862401008606	0.24053931565828235
Bacteria_NZ_CP061476_25_length_27666_cov_58.893593	27666	0.06035710126161575	0.22244882543998792
Bacteria_NZ_CP061476_26_length_22935_cov_59.224607	22935	0.026154514402151108	0.2770413173200393
Bacteria_NZ_LR824639_12_length_115322_cov_47.305656	115322	0.10200177133083344	0.18838280836921217
Bacteria_NZ_LR824639_8_length_151523_cov_47.461768	151523	0.09577752649784088	0.19225394667270942
Bacteria_NZ_LR824639_16_length_98863_cov_46.826957	98863	0.09033221751451492	0.19582294735251907
Bacteria_NZ_CP061476_6_length_258168_cov_62.182908	258168	0.28710758686065674	0.1226867588186419
Bacteria_NZ_CP061335_7_length_332528_cov_40.399888	332528	0.3956117331981659	0.097571568849611
Bacteria_NZ_LR824639_13_length_107916_cov_47.735929	107916	0.08474737405776978	0.19973185285897727
Bacteria_NZ_LR824639_4_length_283128_cov_47.055491	283128	0.33117127418518066	0.11220635999697863
Bacteria_NZ_LR824639_17_length_87321_cov_46.087766	87321	0.12003588676452637	0.17880882241861168
Bacteria_NZ_LR824639_20_length_76450_cov_46.228601	76450	0.24799156188964844	0.13303497242994183
Bacteria_NZ_LR824639_24_length_71670_cov_47.451135	71670	0.022241611033678055	0.28763501775058536
Bacteria_NZ_LR824639_9_length_150669_cov_46.890196	150669	0.3248210549354553	0.1135470957020923
Bacteria_NZ_LR824639_18_length_82943_cov_47.884953	82943	0.08871912956237793	0.19684266183246468
Bacteria_NZ_LR824639_21_length_74125_cov_47.636641	74125	0.03710795193910599	0.25445652994939194
Bacteria_NZ_LR824639_14_length_103479_cov_46.813245	103479	0.051447026431560516	0.23251378502908074
Bacteria_NZ_LR824639_25_length_70637_cov_46.359993	70637	0.05359814316034317	0.22981343001737292
Bacteria_NZ_LR824639_10_length_146856_cov_46.359132	146856	0.1374828815460205	0.1707644081879296
Bacteria_NZ_LR824639_19_length_81455_cov_48.315504	81455	0.0529952198266983	0.23053100687363093
Bacteria_NZ_CP061335_3_length_485723_cov_41.007452	485723	0.7384710311889648	0.03000604275247375
Bacteria_NZ_LR824639_5_length_224289_cov_46.823631	224289	0.1310734748840332	0.17331369438779365
Bacteria_NZ_LR824639_22_length_72464_cov_46.731401	72464	0.05494271218776703	0.22847269431225922
Bacteria_NZ_LR824639_26_length_66008_cov_47.377344	66008	0.04544929787516594	0.2408603368834504
Bacteria_NZ_LR824639_1_length_483891_cov_46.404331	483891	0.6971660256385803	0.03331067301155676
Bacteria_NZ_LR824639_15_length_101150_cov_47.928562	101150	0.07245482504367828	0.21017448447767959
Bacteria_NZ_LR824639_27_length_65959_cov_47.506919	65959	0.028324538841843605	0.2715084220862603
Bacteria_NZ_LR824639_23_length_72060_cov_48.854260	72060	0.20048211514949799	0.14670669990180527
Bacteria_NZ_LR824639_11_length_117234_cov_46.966368	117234	0.1034339964389801	0.18779741672331748
Bacteria_NZ_LR824639_6_length_190000_cov_47.361778	190000	0.16904103755950928	0.15760253795603898
Bacteria_NZ_LR824639_7_length_162215_cov_46.876930	162215	0.07368292659521103	0.20915476999773397
Bacteria_NZ_LR824639_2_length_379191_cov_46.841134	379191	0.4145347774028778	0.09292620288541431
Bacteria_NZ_LR824639_3_length_335255_cov_46.833135	335255	0.33645516633987427	0.11096004229926731
Bacteria_NZ_LR824639_40_length_37427_cov_47.212539	37427	0.045678794384002686	0.24055819925976282
Bacteria_NZ_LR824639_36_length_51708_cov_48.090798	51708	0.03517597168684006	0.2580255306292016
Bacteria_NZ_LR824639_34_length_52824_cov_47.229794	52824	0.05846208706498146	0.2246770904146839
Bacteria_NZ_LR824639_42_length_32295_cov_45.614268	32295	0.06385653465986252	0.21821889870836167
Bacteria_NZ_LR824639_32_length_57930_cov_47.970609	57930	0.03614906594157219	0.2561749376841151
Bacteria_NZ_LR824639_38_length_45540_cov_47.884555	45540	0.04415673017501831	0.24257874461817358
Bacteria_NZ_LR824639_28_length_63744_cov_46.560301	63744	0.08388666063547134	0.20046831331671577
Bacteria_NZ_LR824639_30_length_60521_cov_48.172080	60521	0.030519593507051468	0.2667686381146612
Bacteria_NZ_LR824639_41_length_36317_cov_48.019111	36317	0.02941826730966568	0.2690913210967596
Bacteria_NZ_LR824639_43_length_29664_cov_46.317775	29664	0.01741888001561165	0.3043281214593247
Bacteria_NZ_LR824639_35_length_52751_cov_46.545051	52751	0.05721079558134079	0.22594229171387567
Bacteria_NZ_LR824639_37_length_49919_cov_46.998676	49919	0.026756703853607178	0.27551174560012087
Bacteria_NZ_LR824639_39_length_43687_cov_47.335740	43687	0.02607395127415657	0.27728680413928547
Bacteria_NZ_LR824639_33_length_57248_cov_46.638645	57248	0.12376169860363007	0.17682604426316187
Bacteria_NZ_LR824639_46_length_16275_cov_48.524784	16275	0.045002568513154984	0.24157791373970844
Bacteria_NZ_LR824639_29_length_62724_cov_46.650912	62724	0.05040180683135986	0.23391117153863586
Bacteria_NZ_LR824639_44_length_28690_cov_49.412013	28690	0.02961808070540428	0.2686192310597477
Bacteria_NZ_LR824639_31_length_59537_cov_46.793786	59537	0.057389937341213226	0.2256968048946295
Bacteria_NZ_LR824639_48_length_5903_cov_90.662791	5903	0.15817613899707794	0.1613414910491729
Bacteria_NZ_LR824639_50_length_4514_cov_48.995963	4514	0.00016166153363883495	0.6287106276909132
Bacteria_NZ_LR824639_47_length_8541_cov_47.709875	8541	0.02804008685052395	0.27250925296472545
Bacteria_NZ_LR824639_51_length_2020_cov_53.256489	2020	6.02911677560769e-06	0.8036860790089886
Phage_NC_047747_1_length_40338_cov_453.530546	40338	1.0	0.0
Bacteria_NZ_LR824639_49_length_5253_cov_89.241054	5253	0.17961816489696503	0.1540524208777098
Phage_NC_048639_3_length_11572_cov_262.246332	11572	0.9998456239700317	0.0019072437495279099
Bacteria_NZ_LR824639_45_length_26821_cov_47.691736	26821	0.024243369698524475	0.2817999848931188
Phage_NC_047954_1_length_46642_cov_392.224870	46642	0.9999963045120239	0.0005287408414532819
Phage_NC_048639_1_length_44791_cov_257.128398	44791	0.9955599308013916	0.005872800060427525
Phage_NC_047933_1_length_43183_cov_423.500649	43183	0.9999131560325623	0.001548455321398897
Phage_NC_048639_2_length_14249_cov_250.890517	14249	0.9999629259109497	0.0010574816829065639
Phage_NC_048641_1_length_40384_cov_439.053113	40384	0.8892909288406372	0.01854369665382582
Phage_NC_048675_1_length_66181_cov_276.520945	66181	0.5563461184501648	0.04751114132487348
Phage_NC_048168_1_length_43444_cov_423.196870	43444	0.9999958276748657	0.0005476244429337563
Phage_NC_049456_1_length_75471_cov_242.199016	75471	0.9447834491729736	0.014200468313316715
Phage_NC_049976_1_length_18751_cov_977.517062	18751	0.9999844431877136	0.0008119948636603973
Phage_NC_048706_1_length_45935_cov_398.210920	45935	0.9999937415122986	0.000585391645894705
