name	len	score	pvalue
Bacteria_NODE_19_length_503738_cov_18.187944	503738	0.9343791007995605	0.015201299191781857
Bacteria_NODE_10_length_615062_cov_24.184596	615062	0.8658305406570435	0.02037540599743183
Bacteria_NODE_20_length_486902_cov_30.933507	486902	0.8935750126838684	0.018222675428657752
Bacteria_NODE_11_length_600363_cov_18.410491	600363	0.9429067373275757	0.014445955132562882
Bacteria_NODE_21_length_478513_cov_18.429960	478513	0.9152019023895264	0.016579802099856485
Bacteria_NODE_12_length_594516_cov_114.726115	594516	0.8117238283157349	0.024303195105370497
Bacteria_NODE_22_length_472403_cov_79.651088	472403	0.8480632305145264	0.021659490898104088
Bacteria_NODE_1_length_2095525_cov_115.910823	2095525	0.9509192705154419	0.013501775058539165
Bacteria_NODE_23_length_466451_cov_9.953422	466451	0.6026840209960938	0.04199712969257497
Bacteria_NODE_13_length_593871_cov_24.556640	593871	0.7651812434196472	0.02813656620590679
Bacteria_NODE_24_length_450990_cov_112.766507	450990	0.7567614912986755	0.02887302666364529
Bacteria_NODE_14_length_591667_cov_79.476021	591667	0.8794082403182983	0.019299040713044793
Bacteria_NODE_25_length_450574_cov_9.641407	450574	0.6310677528381348	0.039089055064581914
Bacteria_NODE_2_length_1414620_cov_114.909923	1414620	0.9021499156951904	0.017542865775360676
Bacteria_NODE_15_length_559358_cov_18.253414	559358	0.9439712762832642	0.014276002719238613
Bacteria_NODE_26_length_430954_cov_58.332514	430954	0.8095248937606812	0.024473147518694765
Bacteria_NODE_16_length_559193_cov_24.308934	559193	0.8154645562171936	0.024076591887604804
Bacteria_NODE_27_length_416680_cov_79.137745	416680	0.7875297665596008	0.026285973260820304
Bacteria_NODE_3_length_892173_cov_30.923878	892173	0.913959264755249	0.01673087091170028
Bacteria_NODE_28_length_411621_cov_9.803060	411621	0.5024886131286621	0.06029533952715462
Bacteria_NODE_17_length_529170_cov_24.781378	529170	0.7882553339004517	0.026248206057859356
Bacteria_NODE_29_length_409568_cov_58.303175	409568	0.6561899781227112	0.036615303270639776
Bacteria_NODE_4_length_783175_cov_31.099459	783175	0.9167017340660095	0.016504267693934586
Bacteria_NODE_18_length_507246_cov_31.374058	507246	0.9062840938568115	0.01725961175315356
Bacteria_NODE_30_length_404495_cov_9.825425	404495	0.38437071442604065	0.1001397386509555
Bacteria_NODE_37_length_331382_cov_17.969990	331382	0.9628028273582458	0.011972203338620742
Bacteria_NODE_31_length_402553_cov_298.091012	402553	0.7832255959510803	0.026644761688949317
Bacteria_NODE_38_length_331024_cov_18.110261	331024	0.9621421098709106	0.012085504947503588
Bacteria_NODE_5_length_744302_cov_112.254119	744302	0.7699689865112305	0.027815544980738727
Bacteria_NODE_39_length_324218_cov_58.355210	324218	0.6588143110275269	0.03642646725583503
Bacteria_NODE_32_length_394577_cov_31.381330	394577	0.9003323316574097	0.017675050985723997
Bacteria_NODE_40_length_323825_cov_58.366418	323825	0.675129234790802	0.035142382355162774
Bacteria_NODE_6_length_734727_cov_17.943527	734727	0.9590858221054077	0.012519827781554499
Bacteria_NODE_33_length_392282_cov_58.257129	392282	0.659747838973999	0.036350932849913135
Bacteria_NODE_41_length_319774_cov_26.349835	319774	0.7805368900299072	0.02679583050079311
Bacteria_NODE_34_length_391139_cov_23.965839	391139	0.677701473236084	0.03493466273887756
Bacteria_NODE_42_length_298869_cov_114.862356	298869	0.47768914699554443	0.07485459626860035
Bacteria_NODE_7_length_685144_cov_30.893132	685144	0.9238156080245972	0.01599441045396178
Bacteria_NODE_35_length_382845_cov_341.710309	382845	0.9417486190795898	0.014578140342926203
Bacteria_NODE_43_length_295996_cov_79.706154	295996	0.804814338684082	0.0248885867512652
Bacteria_NODE_36_length_374616_cov_30.962807	374616	0.8562341928482056	0.02111186645517033
Bacteria_NODE_44_length_287963_cov_18.013855	287963	0.9388538599014282	0.014918045169574741
Bacteria_NODE_8_length_664148_cov_31.402022	664148	0.9476958513259888	0.014011632298511972
Bacteria_NODE_46_length_278066_cov_18.084306	278066	0.8801659345626831	0.01920462270564242
Bacteria_NODE_45_length_280416_cov_79.453127	280416	0.6759928464889526	0.035104615152201826
Bacteria_NODE_47_length_270079_cov_24.329489	270079	0.4524989724159241	0.08289901049928243
Bacteria_NODE_55_length_251399_cov_337.189095	251399	0.9256273508071899	0.01589999244655941
Bacteria_NODE_9_length_630957_cov_9.853430	630957	0.6576348543167114	0.03653976886471788
Bacteria_NODE_56_length_245964_cov_113.124656	245964	0.4218471646308899	0.09147216557141778
Bacteria_NODE_48_length_265756_cov_113.482238	265756	0.44553810358047485	0.08474960344436891
Bacteria_NODE_64_length_220518_cov_10.178810	220518	0.365884006023407	0.10459626860034746
Bacteria_NODE_57_length_244601_cov_18.612053	244601	0.946364164352417	0.014068283102953395
Bacteria_NODE_49_length_260537_cov_31.309687	260537	0.8980544805526733	0.01776946899312637
Bacteria_NODE_65_length_219443_cov_31.316827	219443	0.8556362390518188	0.02114963365813128
Bacteria_NODE_58_length_236188_cov_18.500519	236188	0.9142917394638062	0.016674220107258858
Bacteria_NODE_50_length_259926_cov_18.577991	259926	0.9268975257873535	0.015843341642117984
Bacteria_NODE_66_length_219075_cov_79.256086	219075	0.7339528799057007	0.030270413173200394
Bacteria_NODE_59_length_233291_cov_112.258348	233291	0.2587588131427765	0.1300324797945464
Bacteria_NODE_51_length_259590_cov_30.959435	259590	0.9122622013092041	0.0168630561220636
Bacteria_NODE_67_length_217218_cov_113.124980	217218	0.27712881565093994	0.12550041543923257
Bacteria_NODE_60_length_228161_cov_18.088902	228161	0.9699104428291321	0.010858070851272755
Bacteria_NODE_52_length_257490_cov_58.003143	257490	0.6099729537963867	0.04122290203187552
Bacteria_NODE_68_length_213596_cov_80.274711	213596	0.6735143661499023	0.035255683964045624
Bacteria_NODE_61_length_226065_cov_59.640273	226065	0.47464948892593384	0.07589319435002644
Bacteria_NODE_53_length_254501_cov_18.315910	254501	0.8894525766372681	0.018524813052345344
Bacteria_NODE_69_length_212602_cov_296.083878	212602	0.6034445762634277	0.04184606088073117
Bacteria_NODE_62_length_222323_cov_79.667397	222323	0.7240314483642578	0.03112017523982174
Bacteria_NODE_70_length_211595_cov_57.364177	211595	0.7331709861755371	0.030308180376161342
Bacteria_NODE_54_length_254061_cov_31.196732	254061	0.8958398103713989	0.01803383941385301
Bacteria_NODE_63_length_220785_cov_296.619241	220785	0.4377424120903015	0.08684568320870156
Bacteria_NODE_73_length_202150_cov_9.876776	202150	0.2489352822303772	0.13267618400181283
Bacteria_NODE_71_length_205364_cov_30.645062	205364	0.8817223906517029	0.019110204698240048
Bacteria_NODE_82_length_174944_cov_57.767944	174944	0.4599660634994507	0.08102953395271546
Bacteria_NODE_72_length_203888_cov_115.019315	203888	0.49739015102386475	0.06535614472392175
Bacteria_NODE_74_length_197399_cov_58.800739	197399	0.3708212971687317	0.10351990331596042
Bacteria_NODE_83_length_173775_cov_18.430031	173775	0.8452057838439941	0.021904977717350255
Bacteria_NODE_91_length_165776_cov_339.964151	165776	0.873915433883667	0.01984666515597855
Bacteria_NODE_75_length_189922_cov_10.019003	189922	0.18319891393184662	0.15274945237555707
Bacteria_NODE_84_length_173677_cov_9.740885	173677	0.1092621386051178	0.1842472996449883
Bacteria_NODE_92_length_165506_cov_24.170486	165506	0.38498178124427795	0.09996978623763124
Bacteria_NODE_76_length_187775_cov_30.404794	187775	0.795425295829773	0.0257005816149256
Bacteria_NODE_85_length_173504_cov_340.529700	173504	0.9235756993293762	0.016013294055442252
Bacteria_NODE_93_length_165265_cov_30.697446	165265	0.762884259223938	0.02847647103255533
Bacteria_NODE_77_length_184988_cov_18.587515	184988	0.9639416933059692	0.01174560012085505
Bacteria_NODE_86_length_172732_cov_57.600138	172732	0.44426459074020386	0.08507062466953698
Bacteria_NODE_94_length_160518_cov_31.430311	160518	0.780825138092041	0.026758063297832164
Bacteria_NODE_78_length_182854_cov_31.830393	182854	0.556546688079834	0.04749225772339301
Bacteria_NODE_87_length_170132_cov_80.639028	170132	0.6695277690887451	0.03565223959513558
Bacteria_NODE_95_length_158752_cov_58.146153	158752	0.6121108531951904	0.04090188080670745
Bacteria_NODE_79_length_182765_cov_18.620240	182765	0.8828369379043579	0.019053553893798626
Bacteria_NODE_88_length_169783_cov_17.993454	169783	0.8600209951400757	0.020847496034443688
Bacteria_NODE_96_length_155736_cov_58.380284	155736	0.47580254077911377	0.07543998791449505
Bacteria_NODE_80_length_175806_cov_26.108238	175806	0.4244343340396881	0.09067905430923785
Bacteria_NODE_89_length_168019_cov_79.872163	168019	0.6787200570106506	0.03485912833295566
Bacteria_NODE_97_length_154048_cov_58.406350	154048	0.2876959443092346	0.12253569000679809
Bacteria_NODE_81_length_175609_cov_18.755728	175609	0.8790503740310669	0.01933680791600574
Bacteria_NODE_98_length_153931_cov_9.819374	153931	0.1487094610929489	0.16506156054082635
Bacteria_NODE_90_length_166403_cov_9.963258	166403	0.1628633439540863	0.15983080293073496
Bacteria_NODE_100_length_144778_cov_351.876136	144778	0.9352830648422241	0.015163531988820908
Bacteria_NODE_99_length_147127_cov_17.998797	147127	0.8553814888000488	0.02114963365813128
Bacteria_NODE_119_length_110410_cov_59.728658	110410	0.6317754983901978	0.038994637057179544
Bacteria_NODE_110_length_129851_cov_58.305680	129851	0.2105635106563568	0.14357202205604652
Bacteria_NODE_101_length_144583_cov_31.162799	144583	0.9149796366691589	0.01659868570133696
Bacteria_NODE_120_length_109345_cov_9.669732	109345	0.09172465652227402	0.19485988367701487
Bacteria_NODE_111_length_129244_cov_9.826355	129244	0.11130909621715546	0.18315205075912078
Bacteria_NODE_102_length_144264_cov_9.844427	144264	0.18124692142009735	0.15335372762293226
Bacteria_NODE_121_length_108480_cov_79.359124	108480	0.563457727432251	0.04651031044640834
Bacteria_NODE_112_length_128759_cov_57.643966	128759	0.572661280632019	0.04530175995165798
Bacteria_NODE_103_length_144016_cov_10.030328	144016	0.18180590867996216	0.15324042601404939
Bacteria_NODE_122_length_107147_cov_18.712733	107147	0.8668240904808044	0.020337638794470883
Bacteria_NODE_113_length_128170_cov_10.079788	128170	0.1330944448709488	0.17244504871969182
Bacteria_NODE_123_length_105234_cov_24.476882	105234	0.15671604871749878	0.16205906790543093
Bacteria_NODE_104_length_143385_cov_10.103447	143385	0.1678263545036316	0.15798020998564846
Bacteria_NODE_114_length_126672_cov_18.783331	126672	0.9582812786102295	0.01257647858599592
Bacteria_NODE_124_length_103137_cov_18.114831	103137	0.6600281000137329	0.03633204924843266
Bacteria_NODE_105_length_141047_cov_57.628412	141047	0.3539291322231293	0.10716443840169197
Bacteria_NODE_115_length_122003_cov_9.958974	122003	0.0626419261097908	0.21986177203716292
Bacteria_NODE_125_length_99151_cov_57.752018	99151	0.31221240758895874	0.11639851952564394
Bacteria_NODE_106_length_133117_cov_30.707159	133117	0.8317044973373413	0.02288692499433492
Bacteria_NODE_126_length_98549_cov_9.778646	98549	0.11218375712633133	0.1826233099176675
Bacteria_NODE_116_length_121684_cov_10.238167	121684	0.2634223997592926	0.12867286048795226
Bacteria_NODE_127_length_97890_cov_17.906843	97890	0.9146336317062378	0.016636452904297907
Bacteria_NODE_107_length_132711_cov_58.008548	132711	0.4779108166694641	0.07468464385527608
Bacteria_NODE_117_length_121370_cov_18.109822	121370	0.8215484023094177	0.02358561824911247
Bacteria_NODE_128_length_95698_cov_78.087722	95698	0.6627214550971985	0.03612432963214744
Bacteria_NODE_118_length_121119_cov_58.564255	121119	0.43551936745643616	0.08743107485459627
Bacteria_NODE_108_length_130678_cov_79.200654	130678	0.5960973501205444	0.04280912455623537
Bacteria_NODE_129_length_91836_cov_24.513875	91836	0.43981996178627014	0.08624140796132639
Bacteria_NODE_137_length_81147_cov_9.527241	81147	0.0778915211558342	0.20545358410756098
Bacteria_NODE_109_length_130130_cov_57.709022	130130	0.23611587285995483	0.13609411586977868
Bacteria_NODE_130_length_91776_cov_9.920891	91776	0.07401570677757263	0.20875821436664402
Bacteria_NODE_138_length_80582_cov_79.995629	80582	0.342515230178833	0.10950600498527079
Bacteria_NODE_146_length_69357_cov_10.438703	69357	0.09210579097270966	0.19465216406072966
Bacteria_NODE_131_length_90340_cov_79.260719	90340	0.5065895318984985	0.05836921217614623
Bacteria_NODE_139_length_75404_cov_112.377311	75404	0.18346165120601654	0.15263615076667422
Bacteria_NODE_147_length_69294_cov_9.540389	69294	0.03349459543824196	0.2611035576705189
Bacteria_NODE_132_length_88467_cov_9.807764	88467	0.08604559302330017	0.1988254399879145
Bacteria_NODE_148_length_69184_cov_9.884737	69184	0.1300007700920105	0.17382355162776644
Bacteria_NODE_140_length_75048_cov_57.436001	75048	0.16671743988990784	0.15822569680489462
Bacteria_NODE_149_length_68849_cov_337.506817	68849	0.8520077466964722	0.02137623687589697
Bacteria_NODE_133_length_83628_cov_79.788245	83628	0.4990377426147461	0.06392099101140569
Bacteria_NODE_141_length_74242_cov_59.177794	74242	0.39963191747665405	0.09672180678298965
Bacteria_NODE_150_length_68492_cov_10.024636	68492	0.06764483451843262	0.21459324722411058
Bacteria_NODE_142_length_73518_cov_29.989382	73518	0.5426222085952759	0.050060427524737515
Bacteria_NODE_134_length_83265_cov_18.069871	83265	0.7833864688873291	0.026625878087468843
Bacteria_NODE_151_length_68470_cov_30.460001	68470	0.6096268892288208	0.04126066923483647
Bacteria_NODE_143_length_72363_cov_332.770191	72363	0.7584181427955627	0.028816375859203866
Bacteria_NODE_135_length_82816_cov_31.791387	82816	0.8443821668624878	0.021942744920311202
Bacteria_NODE_152_length_66126_cov_81.161841	66126	0.5034470558166504	0.059728831482740385
Bacteria_NODE_144_length_71760_cov_59.632954	71760	0.3625534176826477	0.10520054384772264
Bacteria_NODE_136_length_82719_cov_10.050336	82719	0.0784168392419815	0.20503814487499056
Bacteria_NODE_153_length_64578_cov_79.401268	64578	0.490067720413208	0.0693028174333409
Bacteria_NODE_145_length_70885_cov_10.120486	70885	0.09957877546548843	0.18993126369061109
Bacteria_NODE_155_length_63554_cov_56.956472	63554	0.5726417899131775	0.04530175995165798
Bacteria_NODE_154_length_63568_cov_115.441233	63568	0.2024528682231903	0.1460268902485082
Bacteria_NODE_164_length_57101_cov_35.712180	57101	0.24340921640396118	0.13405468690988745
Bacteria_NODE_156_length_63171_cov_57.508096	63171	0.37723490595817566	0.10206586600196389
Bacteria_NODE_173_length_52784_cov_25.896091	52784	0.15825511515140533	0.16128484024473147
Bacteria_NODE_165_length_57077_cov_60.502999	57077	0.4054639935493469	0.09489009743938363
Bacteria_NODE_157_length_62224_cov_10.185012	62224	0.05036640539765358	0.2339489387415968
Bacteria_NODE_174_length_52395_cov_10.000000	52395	0.08347856998443604	0.20077045094040336
Bacteria_NODE_166_length_57024_cov_58.427039	57024	0.21608713269233704	0.14136264068283103
Bacteria_NODE_158_length_61271_cov_23.827235	61271	0.24453839659690857	0.1337336656847194
Bacteria_NODE_175_length_52083_cov_58.167314	52083	0.3471578359603882	0.10848629050532517
Bacteria_NODE_167_length_56974_cov_59.723256	56974	0.7534142732620239	0.029080746279930507
Bacteria_NODE_159_length_61008_cov_58.625859	61008	0.2648516595363617	0.12831407205982326
Bacteria_NODE_176_length_50590_cov_58.766122	50590	0.11913400888442993	0.17916761084674068
Bacteria_NODE_168_length_56360_cov_23.549774	56360	0.754612147808075	0.02900521187400861
Bacteria_NODE_160_length_60026_cov_57.478648	60026	0.22394372522830963	0.13934209532442027
Bacteria_NODE_177_length_49472_cov_9.636927	49472	0.06206202134490013	0.22050381448749906
Bacteria_NODE_169_length_56312_cov_338.064863	56312	0.8328084945678711	0.0227547397839716
Bacteria_NODE_161_length_59968_cov_9.822376	59968	0.10481585562229156	0.18713649067150087
Bacteria_NODE_178_length_49149_cov_9.781908	49149	0.05026329308748245	0.23404335674899918
Bacteria_NODE_170_length_55677_cov_79.389522	55677	0.5857990980148315	0.04392325704358335
Bacteria_NODE_179_length_48322_cov_23.456585	48322	0.16203805804252625	0.16017070775738348
Bacteria_NODE_162_length_59570_cov_293.905234	59570	0.3454449772834778	0.10876954452753229
Bacteria_NODE_180_length_47781_cov_24.048653	47781	0.15205606818199158	0.16379635924163458
Bacteria_NODE_171_length_55342_cov_9.885326	55342	0.09102655947208405	0.19533197371402675
Bacteria_NODE_163_length_58864_cov_111.330069	58864	0.10415269434452057	0.18738197749074703
Bacteria_NODE_181_length_46951_cov_9.672957	46951	0.10492308437824249	0.1870420726640985
Bacteria_NODE_172_length_52919_cov_59.327028	52919	0.15531115233898163	0.16283329556613038
Bacteria_NODE_182_length_46364_cov_10.143838	46364	0.08689267188310623	0.19825893194350028
Bacteria_NODE_191_length_37584_cov_10.141571	37584	0.04817333444952965	0.23695143137699223
Bacteria_NODE_200_length_31719_cov_17.613694	31719	0.22417232394218445	0.13920991011405695
Bacteria_NODE_183_length_45173_cov_332.874640	45173	0.7273208498954773	0.030836921217614624
Bacteria_NODE_192_length_36053_cov_9.825101	36053	0.05135367065668106	0.23262708663796358
Bacteria_NODE_193_length_35849_cov_81.414203	35849	0.22715133428573608	0.13854898406224034
Bacteria_NODE_184_length_43630_cov_110.822306	43630	0.1193103939294815	0.17903542563637737
Bacteria_NODE_194_length_35590_cov_24.205375	35590	0.8393359780311584	0.022301533348440216
Bacteria_NODE_185_length_42055_cov_30.972000	42055	0.3844304084777832	0.10012085504947503
Bacteria_NODE_195_length_35289_cov_59.035818	35289	0.2813204228878021	0.12425409774152127
Bacteria_NODE_186_length_41602_cov_10.000313	41602	0.028927374631166458	0.2701110355767052
Bacteria_NODE_196_length_34167_cov_9.936298	34167	0.07745358347892761	0.2057557217312486
Bacteria_NODE_187_length_40511_cov_24.615360	40511	0.07267431914806366	0.21004229926731627
Bacteria_NODE_197_length_33847_cov_9.894650	33847	0.09457449615001678	0.192914872724526
Bacteria_NODE_188_length_38940_cov_10.641790	38940	0.05452090501785278	0.22885036634186873
Bacteria_NODE_198_length_33093_cov_333.616411	33093	0.6026573181152344	0.04199712969257497
Bacteria_NODE_189_length_38378_cov_10.108055	38378	0.03443973511457443	0.25930961552987386
Bacteria_NODE_199_length_32455_cov_56.214907	32455	0.10740131139755249	0.18536143213233627
Bacteria_NODE_190_length_38301_cov_9.348429	38301	0.1351209580898285	0.17167082105899237
Bacteria_NODE_219_length_19976_cov_19.392450	19976	0.2321014702320099	0.13692499433491956
Bacteria_NODE_210_length_23596_cov_79.765346	23596	0.18229171633720398	0.15307047360072512
Bacteria_NODE_201_length_30798_cov_57.441304	30798	0.1690397560596466	0.15760253795603898
Bacteria_NODE_220_length_18913_cov_57.227437	18913	0.15577784180641174	0.16262557594984514
Bacteria_NODE_211_length_23005_cov_10.205577	23005	0.0917796939611435	0.19478434927109298
Bacteria_NODE_221_length_18247_cov_10.611203	18247	0.07040353864431381	0.2120817282272075
Bacteria_NODE_202_length_30307_cov_18.364637	30307	0.6889599561691284	0.03404713346929526
Bacteria_NODE_212_length_22850_cov_78.978899	22850	0.3031216859817505	0.11853236649293754
Bacteria_NODE_222_length_17789_cov_60.025826	17789	0.22716021537780762	0.13853010046075986
Bacteria_NODE_203_length_28040_cov_59.030409	28040	0.35541731119155884	0.10673011556764106
Bacteria_NODE_213_length_22669_cov_58.564606	22669	0.078776054084301	0.20466047284538108
Bacteria_NODE_223_length_17714_cov_30.099666	17714	0.4336211681365967	0.08790316489160813
Bacteria_NODE_204_length_27977_cov_79.497135	27977	0.5315568447113037	0.05217539089055065
Bacteria_NODE_214_length_21077_cov_57.300637	21077	0.08854587376117706	0.19695596344134753
Bacteria_NODE_224_length_17122_cov_25.868635	17122	0.2499079704284668	0.1323173955736838
Bacteria_NODE_225_length_14539_cov_22.255040	14539	0.07415136694908142	0.20864491275776115
Bacteria_NODE_215_length_20513_cov_29.384397	20513	0.38377779722213745	0.1003663418687212
Bacteria_NODE_205_length_27411_cov_57.455659	27411	0.2291887104511261	0.13775587280006044
Bacteria_NODE_226_length_14207_cov_9.725692	14207	0.0798485279083252	0.20365964196691594
Bacteria_NODE_216_length_20490_cov_335.528994	20490	0.9829078912734985	0.008894176297303422
Bacteria_NODE_206_length_27201_cov_23.195020	27201	0.23537515103816986	0.13624518468162247
Bacteria_NODE_227_length_13719_cov_18.821502	13719	0.4161278009414673	0.09264294886320719
Bacteria_NODE_217_length_20265_cov_57.942108	20265	0.5876295566558838	0.04371553742729813
Bacteria_NODE_207_length_27168_cov_58.605208	27168	0.23486116528511047	0.13632071908754437
Bacteria_NODE_228_length_13401_cov_60.441556	13401	0.06529856473207474	0.21691593020620892
Bacteria_NODE_218_length_20034_cov_59.803894	20034	0.32362887263298035	0.1138492333257799
Bacteria_NODE_237_length_8312_cov_55.771951	8312	0.16032075881958008	0.1606805649973563
Bacteria_NODE_229_length_13159_cov_23.655143	13159	0.4414660930633545	0.0858637359317169
Bacteria_NODE_208_length_25372_cov_59.719280	25372	0.11321091651916504	0.18194350026437042
Bacteria_NODE_238_length_8258_cov_9.664147	8258	0.035065747797489166	0.25825213384696727
Bacteria_NODE_230_length_11301_cov_31.119331	11301	0.16681785881519318	0.15820681320341415
Bacteria_NODE_239_length_7979_cov_76.740283	7979	0.39349400997161865	0.09808142608958381
Bacteria_NODE_231_length_10810_cov_11.858949	10810	0.024355819448828697	0.2813845456605484
Bacteria_NODE_209_length_24045_cov_55.807878	24045	0.1515686959028244	0.16394742805347837
Bacteria_NODE_240_length_7594_cov_335.790688	7594	0.3867785632610321	0.09964876501246318
Bacteria_NODE_232_length_10663_cov_12.231429	10663	0.016158277168869972	0.309993201903467
Bacteria_NODE_246_length_4705_cov_335.890753	4705	0.4851500391960144	0.07173880202432208
Bacteria_NODE_241_length_7138_cov_62.390936	7138	0.573417067527771	0.04522622554573608
Bacteria_NODE_247_length_3883_cov_328.232497	3883	0.05797463655471802	0.22509252964725432
Bacteria_NODE_233_length_10144_cov_10.249579	10144	0.06484036892652512	0.2173124858372989
Bacteria_NODE_242_length_7022_cov_22.321803	7022	0.05981321260333061	0.22309086789032403
Bacteria_NODE_248_length_3610_cov_40.504641	3610	1.0779441481645335e-06	0.8688722713195861
Bacteria_NODE_234_length_10092_cov_59.454020	10092	0.46406951546669006	0.07968879824760178
Bacteria_NODE_249_length_3447_cov_17.589328	3447	0.24698317050933838	0.1332049248432661
Bacteria_NODE_243_length_5947_cov_31.124236	5947	0.04714467376470566	0.23831105068358638
Bacteria_NODE_250_length_3126_cov_466.149788	3126	0.1372242271900177	0.17085882619533196
Bacteria_NODE_244_length_5778_cov_36.073213	5778	0.061520662158727646	0.22124027494523757
Bacteria_NODE_235_length_9641_cov_58.681097	9641	0.11508403718471527	0.18098043658886623
Bacteria_NODE_251_length_2875_cov_259.155674	2875	0.10117478668689728	0.18883601480474357
Bacteria_NODE_245_length_5055_cov_22.437800	5055	0.01623525843024254	0.3096532970768185
Bacteria_NODE_236_length_8421_cov_82.992589	8421	0.35669657588005066	0.1064846287483949
Bacteria_NODE_252_length_2644_cov_29.752028	2644	0.2644096612930298	0.12844625727018658
Bacteria_NODE_255_length_2289_cov_23.888988	2289	0.005438963416963816	0.38692499433491956
Bacteria_NODE_253_length_2564_cov_43.706656	2564	0.0006192889995872974	0.5419593624896141
Bacteria_NODE_264_length_1636_cov_111.982290	1636	0.30181822180747986	0.11875896971070322
Bacteria_NODE_256_length_2195_cov_403.988318	2195	0.0703892633318901	0.21210061182868797
Bacteria_NODE_254_length_2527_cov_695.792071	2527	0.01924794167280197	0.29747337412191255
Bacteria_NODE_265_length_1621_cov_163.046616	1621	0.9416842460632324	0.014578140342926203
Bacteria_NODE_257_length_2109_cov_300.469815	2109	0.6980293989181519	0.03325402220711534
Bacteria_NODE_273_length_1426_cov_128.475565	1426	0.49995386600494385	0.06267467331369439
Bacteria_NODE_266_length_1583_cov_72.391361	1583	0.03642483428120613	0.2556650804441423
Bacteria_NODE_274_length_1405_cov_33.805926	1405	0.5464763641357422	0.04945615227736234
Bacteria_NODE_258_length_2013_cov_12.987743	2013	0.019390398636460304	0.2969446332804592
Bacteria_NODE_267_length_1572_cov_48.853659	1572	0.1664949357509613	0.15826346400785557
Bacteria_NODE_259_length_1923_cov_60.933084	1923	0.013694564811885357	0.32088903995770074
Bacteria_NODE_275_length_1388_cov_581.306827	1388	0.7040297389030457	0.03268751416270111
Bacteria_NODE_260_length_1874_cov_69.177020	1874	0.007999970577657223	0.3598081426089584
Bacteria_NODE_276_length_1369_cov_49.563927	1369	7.910090715768092e-08	0.934436135659793
Bacteria_NODE_268_length_1559_cov_27.496676	1559	0.0034397230483591557	0.420103482136113
Bacteria_NODE_261_length_1862_cov_88.993913	1862	0.006048478186130524	0.37903164891608127
Bacteria_NODE_277_length_1323_cov_172.010252	1323	0.004667994100600481	0.3978019487876728
Bacteria_NODE_269_length_1519_cov_24.026639	1519	0.016987036913633347	0.3061031799984893
Bacteria_NODE_262_length_1744_cov_34.667259	1744	0.44964680075645447	0.08359770375405998
Bacteria_NODE_278_length_1306_cov_26.973621	1306	0.22351890802383423	0.13941762973034216
Bacteria_NODE_270_length_1445_cov_296.617986	1445	5.451925244415179e-05	0.6942367248281592
Bacteria_NODE_279_length_1263_cov_51.716060	1263	0.3432440459728241	0.1092794017675051
Bacteria_NODE_263_length_1692_cov_795.003665	1692	0.6312560439109802	0.03907017146310144
Bacteria_NODE_271_length_1444_cov_281.517639	1444	0.01826922968029976	0.3008724223883979
Bacteria_NODE_280_length_1249_cov_48.314070	1249	2.18496870729723e-06	0.8447956794319813
Bacteria_NODE_272_length_1438_cov_24.194505	1438	0.12070638686418533	0.17846891759196315
Bacteria_NODE_281_length_1108_cov_53.622982	1108	0.0011376920156180859	0.4994146083541053
Bacteria_NODE_282_length_973_cov_90.282135	973	6.546324016198923e-07	0.9838755197651884
Phage_NODE_7_length_35947_cov_1495.164159	35947	0.7333811521530151	0.03028929677468087
Bacteria_NODE_283_length_949_cov_83.077181	949	0.2788988947868347	0.26429471862123466
Bacteria_NODE_291_length_592_cov_144.603352	592	0.044728461652994156	0.5119193211537376
Bacteria_NODE_284_length_910_cov_276.065497	910	0.29996585845947266	0.25206494948164593
Bacteria_NODE_292_length_575_cov_9.907692	575	0.07166995108127594	0.4540254755498692
Bacteria_NODE_285_length_897_cov_20.165083	897	0.12631283700466156	0.3806750832565053
Bacteria_NODE_293_length_527_cov_580.997881	527	0.4339334964752197	0.1800974618525278
Bacteria_NODE_286_length_770_cov_10.341259	770	0.009911274537444115	0.6661084874597829
Bacteria_NODE_287_length_696_cov_25.273011	696	0.7917546033859253	0.05036783382565994
Bacteria_NODE_288_length_659_cov_81.364238	659	6.307042388353779e-11	0.9995202167491393
Bacteria_NODE_289_length_656_cov_15.169717	656	0.037091612815856934	0.5335377899866414
Phage_NODE_1_length_135394_cov_167.887756	135394	0.9962410926818848	0.005683964045622781
Bacteria_NODE_290_length_619_cov_89.868794	619	0.6632144451141357	0.07669006001994393
Phage_NODE_2_length_122030_cov_71.149317	122030	0.9999912977218628	0.0006231588488556538
Phage_NODE_3_length_115152_cov_291.595654	115152	0.3260886073112488	0.11345267769468993
Phage_NODE_4_length_43697_cov_153.149420	43697	0.9982813596725464	0.004399879144950525
Phage_NODE_5_length_42621_cov_95.864117	42621	0.9848262071609497	0.008573155072135357
Phage_NODE_6_length_41119_cov_369.131210	41119	1.0	0.0
Phage_NODE_17_length_1600_cov_367.806472	1600	0.9999955296516418	0.0005476244429337563
Phage_NODE_26_length_523_cov_243.418803	523	0.9999685883522034	0.00023518786806901352
Phage_NODE_18_length_1524_cov_454.573860	1524	0.9706723093986511	0.010688118437948485
Phage_NODE_8_length_23912_cov_340.159031	23912	1.0	0.0
Phage_NODE_19_length_1388_cov_341.135784	1388	0.9992184638977051	0.0032479794546415894
Phage_NODE_20_length_1329_cov_410.613030	1329	0.9999986290931702	0.0004343228340509102
Phage_NODE_9_length_22261_cov_331.737548	22261	1.0	0.0
Phage_NODE_21_length_1225_cov_415.551282	1225	0.9999905228614807	0.0006609260518166025
Phage_NODE_10_length_15383_cov_432.051605	15383	1.0	0.0
Phage_NODE_11_length_14300_cov_438.647806	14300	1.0	0.0
Phage_NODE_22_length_955_cov_462.685556	955	0.9999996423721313	3.7630058891042166e-05
Prophage_NODE_1_length_70384_cov_112.331328	70384	0.4611377716064453	0.08068962912606692
Phage_NODE_12_length_13866_cov_434.618275	13866	1.0	0.0
Prophage_NODE_2_length_5656_cov_96.731477	5656	0.1588817834854126	0.16113377143288768
Phage_NODE_23_length_738_cov_217.755490	738	0.9988014698028564	0.002455361342640501
Phage_NODE_13_length_9928_cov_448.115163	9928	1.0	0.0
Prophage_NODE_3_length_4795_cov_235.610338	4795	0.09197947382926941	0.1946899312636906
Phage_NODE_14_length_3051_cov_381.720961	3051	0.9999871850013733	0.0007742276606994485
Prophage_NODE_4_length_3092_cov_76.896938	3092	0.12435439229011536	0.1765050230379938
Phage_NODE_24_length_721_cov_248.765766	721	0.9973955154418945	0.003875896065777343
Phage_NODE_15_length_2257_cov_382.850590	2257	0.999765932559967	0.0021149633658131277
Prophage_NODE_5_length_3084_cov_338.626279	3084	0.10838717222213745	0.18479492408792206
Phage_NODE_16_length_2168_cov_439.383341	2168	1.0	0.0
Prophage_NODE_6_length_3014_cov_908.139236	3014	0.27631402015686035	0.12570813505551778
Phage_NODE_25_length_691_cov_279.726415	691	0.9942242503166199	0.00590791924589362
Prophage_NODE_9_length_1811_cov_1048.867882	1811	0.009804868139326572	0.34568320870156355
Prophage_NODE_18_length_1288_cov_38.442011	1288	0.004753307905048132	0.39640456227811766
Prophage_NODE_7_length_2567_cov_304.801752	2567	0.27184951305389404	0.12667119873102198
Prophage_NODE_10_length_1712_cov_93.041038	1712	0.09666396677494049	0.1915930206208928
Prophage_NODE_19_length_1132_cov_37.906221	1132	0.12193568050861359	0.17780799154014654
Prophage_NODE_8_length_2364_cov_579.663924	2364	0.3154948949813843	0.11535992144421785
Prophage_NODE_11_length_1551_cov_166.283422	1551	0.01938994973897934	0.2969446332804592
Prophage_NODE_27_length_1039_cov_26.028455	1039	9.219533239956945e-05	0.6633053856031422
Prophage_NODE_20_length_1131_cov_21.589219	1131	0.49271702766418457	0.06788654732230531
Prophage_NODE_12_length_1447_cov_9.408764	1447	0.33906859159469604	0.11029911624745072
Prophage_NODE_21_length_1129_cov_57.973929	1129	0.14464089274406433	0.16713875670367853
Prophage_NODE_28_length_1007_cov_26.030462	1007	0.0032895973417907953	0.4235780648085203
Prophage_NODE_13_length_1433_cov_37.286647	1433	0.2211681306362152	0.1401352065866002
Prophage_NODE_22_length_1119_cov_25.684211	1119	0.482254296541214	0.07306065412795529
Prophage_NODE_14_length_1425_cov_925.300000	1425	0.10839607566595078	0.18479492408792206
Prophage_NODE_29_length_992_cov_6.524013	992	0.41058629751205444	0.1928822743607594
Prophage_NODE_23_length_1091_cov_38.781853	1091	0.01938691921532154	0.2969824004834202
Prophage_NODE_15_length_1362_cov_35.135425	1362	0.0015696679474785924	0.4773774454263917
Prophage_NODE_24_length_1065_cov_15.355446	1065	0.4643656313419342	0.07961326384167988
Prophage_NODE_30_length_987_cov_21.136266	987	0.17640793323516846	0.33405144029050404
Prophage_NODE_16_length_1353_cov_35.814330	1353	6.488012877525762e-05	0.6847193896820002
Prophage_NODE_25_length_1052_cov_761.455366	1052	0.12708310782909393	0.17516428733288011
Prophage_NODE_17_length_1326_cov_38.693942	1326	0.003520798869431019	0.41846060880731173
Prophage_NODE_26_length_1046_cov_20.838547	1046	0.025980345904827118	0.27743787295112926
Prophage_NODE_31_length_983_cov_3.733836	983	0.08346934616565704	0.4346083651620915
Prophage_NODE_45_length_661_cov_7.801980	661	0.08542130887508392	0.43148507027413496
Prophage_NODE_32_length_941_cov_62.954853	941	0.08401650935411453	0.4338181339253796
Prophage_NODE_36_length_903_cov_5.002358	903	0.2809158265590668	0.2631375943103351
Prophage_NODE_46_length_596_cov_71.602588	596	0.6848499774932861	0.07169466970215808
Prophage_NODE_33_length_929_cov_22.069794	929	0.038457781076431274	0.5294737436264088
Prophage_NODE_37_length_901_cov_6.541371	901	0.0019727270118892193	0.7863271181019398
Prophage_NODE_47_length_581_cov_48.163498	581	0.17170633375644684	0.33780503866488554
Prophage_NODE_34_length_924_cov_57.336018	924	0.5053159594535828	0.13263655007620087
Prophage_NODE_38_length_855_cov_5.542500	855	0.015673015266656876	0.6240004515607067
Prophage_NODE_48_length_577_cov_6.316092	577	0.46920502185821533	0.15912811153549455
Prophage_NODE_35_length_922_cov_6.903114	922	0.3692333996295929	0.21517808425370186
Prophage_NODE_39_length_845_cov_3.075949	845	0.09217210859060287	0.4222751133605524
Prophage_NODE_49_length_575_cov_5.532692	575	0.5125948190689087	0.12803627537677095
Prophage_NODE_54_length_502_cov_7.758389	502	0.0802478939294815	0.4395661254209863
Prophage_NODE_40_length_828_cov_9.465718	828	0.39462777972221375	0.20196993358294607
Prophage_NODE_50_length_571_cov_51.656977	571	0.2977469265460968	0.2534008165722779
Prophage_NODE_41_length_752_cov_17.015782	752	0.1371561586856842	0.3697717736928258
Prophage_NODE_51_length_557_cov_6.503984	557	0.057846713811159134	0.4811379329808651
Prophage_NODE_42_length_716_cov_4.048411	716	0.000856204773299396	0.8319911945662195
Prophage_NODE_52_length_552_cov_4.150905	552	0.43194296956062317	0.18132043876648668
Prophage_NODE_43_length_703_cov_4.256173	703	0.007589597720652819	0.6892133436188828
Prophage_NODE_53_length_528_cov_889.416490	528	0.09340936690568924	0.42066642834296036
Prophage_NODE_44_length_702_cov_11.149923	702	0.3104645609855652	0.2461570302357523
Eukaroyte_NODE_18_length_243723_cov_16.979755	243723	0.7958595752716064	0.025643930810484175
Eukaroyte_NODE_9_length_407578_cov_34.307484	407578	0.8602069616317749	0.020847496034443688
Eukaroyte_NODE_19_length_240849_cov_37.778396	240849	0.7916330695152283	0.02600271923861319
Eukaroyte_NODE_20_length_233540_cov_34.533610	233540	0.793962299823761	0.025813883223808443
Eukaroyte_NODE_10_length_405120_cov_120.241137	405120	0.7926284074783325	0.025946068434171764
Eukaroyte_NODE_1_length_1222714_cov_39.957257	1222714	0.9590651988983154	0.012519827781554499
Eukaroyte_NODE_21_length_232507_cov_19.060705	232507	0.8773062229156494	0.019563411133771434
Eukaroyte_NODE_11_length_399432_cov_20.628674	399432	0.8400480151176453	0.022207115341037843
Eukaroyte_NODE_22_length_226869_cov_17.640282	226869	0.8690425157546997	0.020205453584107563
Eukaroyte_NODE_23_length_219967_cov_19.213558	219967	0.6867736577987671	0.034217085882619534
Eukaroyte_NODE_12_length_354132_cov_58.578256	354132	0.7583616375923157	0.028816375859203866
Eukaroyte_NODE_24_length_219381_cov_17.246409	219381	0.8336012363433838	0.022660321776569226
Eukaroyte_NODE_13_length_324126_cov_19.389788	324126	0.8830438256263733	0.019015786690837675
Eukaroyte_NODE_25_length_203858_cov_17.750985	203858	0.8517045378684998	0.021395120477377447
Eukaroyte_NODE_26_length_193547_cov_17.079404	193547	0.8576070070266724	0.020979681244807008
Eukaroyte_NODE_2_length_1147307_cov_37.453953	1147307	0.954646646976471	0.013086335825968728
Eukaroyte_NODE_14_length_306118_cov_19.560172	306118	0.8831384181976318	0.019015786690837675
Eukaroyte_NODE_27_length_192006_cov_16.694849	192006	0.7894881963729858	0.026210438854898405
Eukaroyte_NODE_15_length_284970_cov_17.608761	284970	0.8662112951278687	0.02037540599743183
Eukaroyte_NODE_16_length_265288_cov_17.999570	265288	0.7026055455207825	0.032763048568623006
Eukaroyte_NODE_3_length_722582_cov_58.309247	722582	0.9205684661865234	0.016315431679129844
Eukaroyte_NODE_17_length_256962_cov_71.891019	256962	0.8927718997001648	0.018260442631618704
Eukaroyte_NODE_4_length_710810_cov_34.203028	710810	0.9196327924728394	0.016372082483571266
Eukaroyte_NODE_5_length_477875_cov_58.154772	477875	0.9219599962234497	0.01622101367172747
Eukaroyte_NODE_6_length_433209_cov_35.376153	433209	0.9098169207572937	0.017033008535387868
Eukaroyte_NODE_7_length_418815_cov_107.913170	418815	0.8603763580322266	0.020828612432963214
Eukaroyte_NODE_8_length_411154_cov_73.766107	411154	0.9193140268325806	0.01639096608505174
Eukaroyte_NODE_46_length_124090_cov_17.146749	124090	0.5951327681541443	0.04297907696955963
Eukaroyte_NODE_37_length_139620_cov_17.777903	139620	0.8331289291381836	0.0226792053780497
Eukaroyte_NODE_28_length_167199_cov_17.694934	167199	0.7986860275268555	0.025455094795679433
Eukaroyte_NODE_47_length_113519_cov_17.376957	113519	0.5320844054222107	0.0520620892816678
Eukaroyte_NODE_38_length_136760_cov_37.678439	136760	0.7235435247421265	0.031157942442782686
Eukaroyte_NODE_29_length_162808_cov_299.559209	162808	0.5690465569496155	0.04571719918422842
Eukaroyte_NODE_48_length_108926_cov_17.321941	108926	0.6345152258872986	0.038692499433491956
Eukaroyte_NODE_39_length_134308_cov_17.816749	134308	0.7255216836929321	0.031006873630938892
Eukaroyte_NODE_30_length_158854_cov_19.361337	158854	0.5711466670036316	0.045547246770904146
Eukaroyte_NODE_49_length_108596_cov_18.925512	108596	0.7314196825027466	0.03042148198504419
Eukaroyte_NODE_40_length_134230_cov_18.628306	134230	0.7940914630889893	0.02579499962232797
Eukaroyte_NODE_50_length_102228_cov_17.604348	102228	0.65841144323349	0.03648311806027646
Eukaroyte_NODE_31_length_154516_cov_17.578198	154516	0.8551920056343079	0.02114963365813128
Eukaroyte_NODE_41_length_131804_cov_20.564475	131804	0.7432971596717834	0.02964725432434474
Eukaroyte_NODE_51_length_101903_cov_18.599629	101903	0.5540976524353027	0.04785104615152202
Eukaroyte_NODE_32_length_151730_cov_17.699766	151730	0.7196382880210876	0.03142231286350933
Eukaroyte_NODE_52_length_100426_cov_17.528499	100426	0.5266231298446655	0.05304403655865247
Eukaroyte_NODE_42_length_130655_cov_19.465544	130655	0.7825232744216919	0.02666364529042979
Eukaroyte_NODE_53_length_99284_cov_37.946518	99284	0.6964924335479736	0.033348440214517716
Eukaroyte_NODE_43_length_130279_cov_17.625660	130279	0.6422087550163269	0.03778608656242918
Eukaroyte_NODE_33_length_151560_cov_37.115891	151560	0.6199183464050293	0.040033235138605634
Eukaroyte_NODE_54_length_93340_cov_35.445516	93340	0.5795949697494507	0.04452753229095853
Eukaroyte_NODE_44_length_129015_cov_17.692897	129015	0.7060641050338745	0.03259309615529874
Eukaroyte_NODE_34_length_150256_cov_19.388420	150256	0.5785433053970337	0.04460306669688043
Eukaroyte_NODE_55_length_91871_cov_35.577100	91871	0.5354331135749817	0.05128786162096835
Eukaroyte_NODE_45_length_126895_cov_17.273471	126895	0.6994466781616211	0.03310295339527155
Eukaroyte_NODE_56_length_91002_cov_17.889947	91002	0.8019214868545532	0.02505853916458947
Eukaroyte_NODE_35_length_149525_cov_36.206617	149525	0.8714172840118408	0.020016617569302817
Eukaroyte_NODE_64_length_76055_cov_19.507605	76055	0.4696125090122223	0.07768713649067151
Eukaroyte_NODE_57_length_86891_cov_37.107594	86891	0.5485117435455322	0.049078480247752854
Eukaroyte_NODE_65_length_73785_cov_16.942940	73785	0.6890542507171631	0.03404713346929526
Eukaroyte_NODE_58_length_80920_cov_37.513201	80920	0.6009968519210815	0.04224261651182114
Eukaroyte_NODE_36_length_145067_cov_18.411580	145067	0.8018832206726074	0.02505853916458947
Eukaroyte_NODE_66_length_72834_cov_38.449223	72834	0.4395723342895508	0.08631694236724828
Eukaroyte_NODE_59_length_79911_cov_37.908348	79911	0.6317373514175415	0.038994637057179544
Eukaroyte_NODE_73_length_63389_cov_17.740992	63389	0.6099733710289001	0.04122290203187552
Eukaroyte_NODE_74_length_60992_cov_18.036447	60992	0.7811232805252075	0.02673917969635169
Eukaroyte_NODE_67_length_71149_cov_18.155766	71149	0.5644793510437012	0.04639700883752549
Eukaroyte_NODE_60_length_78947_cov_17.433415	78947	0.6266704201698303	0.03948561069567188
Eukaroyte_NODE_75_length_58223_cov_17.492556	58223	0.7230872511863708	0.03117682604426316
Eukaroyte_NODE_68_length_69757_cov_36.212677	69757	0.46411043405532837	0.0796699146461213
Eukaroyte_NODE_61_length_78216_cov_18.791187	78216	0.59199458360672	0.04343228340509102
Eukaroyte_NODE_76_length_57840_cov_37.512209	57840	0.5443977117538452	0.049796057104010874
Eukaroyte_NODE_69_length_68984_cov_38.846349	68984	0.4736160635948181	0.0762142155751945
Eukaroyte_NODE_62_length_77364_cov_16.888668	77364	0.45199054479599	0.08297454490520433
Eukaroyte_NODE_77_length_57574_cov_38.191884	57574	0.6091563701629639	0.04129843643779742
Eukaroyte_NODE_70_length_67628_cov_34.676764	67628	0.6694949865341187	0.03565223959513558
Eukaroyte_NODE_63_length_76320_cov_36.377159	76320	0.8707993626594543	0.020092151975224716
Eukaroyte_NODE_78_length_55944_cov_18.892036	55944	0.7911571264266968	0.026040486441574136
Eukaroyte_NODE_71_length_65324_cov_38.659364	65324	0.32789087295532227	0.11286728604879523
Eukaroyte_NODE_82_length_54276_cov_17.537319	54276	0.714920699596405	0.031837752096079766
Eukaroyte_NODE_79_length_55662_cov_19.551657	55662	0.6843689680099487	0.03440592189742428
Eukaroyte_NODE_72_length_64451_cov_34.454656	64451	0.37789398431777954	0.1019147971901201
Eukaroyte_NODE_83_length_51767_cov_18.512512	51767	0.547167181968689	0.04924843266107712
Eukaroyte_NODE_80_length_54823_cov_65.193726	54823	0.3199593722820282	0.11452904297907697
Eukaroyte_NODE_91_length_43528_cov_18.120305	43528	0.5392721891403198	0.05057028476471032
Eukaroyte_NODE_84_length_50955_cov_35.904204	50955	0.36758923530578613	0.10416194576629655
Eukaroyte_NODE_81_length_54420_cov_37.567884	54420	0.5211114883422852	0.0543470050608052
Eukaroyte_NODE_92_length_43309_cov_22.165303	43309	0.46612972021102905	0.07902787219578518
Eukaroyte_NODE_85_length_50675_cov_37.597333	50675	0.7320878505706787	0.030402598383563715
Eukaroyte_NODE_100_length_36011_cov_17.448437	36011	0.6084184050559998	0.04137397084371931
Eukaroyte_NODE_93_length_43041_cov_19.645745	43041	0.2764281630516052	0.12570813505551778
Eukaroyte_NODE_101_length_35544_cov_37.653132	35544	0.44803979992866516	0.083956492182189
Eukaroyte_NODE_94_length_42225_cov_35.191558	42225	0.7184990644454956	0.03153561447239218
Eukaroyte_NODE_86_length_50372_cov_17.597313	50372	0.7430696487426758	0.02964725432434474
Eukaroyte_NODE_102_length_34967_cov_104.138663	34967	0.2977381944656372	0.11979756779212931
Eukaroyte_NODE_95_length_40983_cov_18.499414	40983	0.45273369550704956	0.08280459249188005
Eukaroyte_NODE_87_length_49077_cov_17.663539	49077	0.8026190996170044	0.024983004758667573
Eukaroyte_NODE_103_length_34531_cov_17.663969	34531	0.4803583025932312	0.07387264899161568
Eukaroyte_NODE_96_length_39895_cov_27.184965	39895	0.7482829689979553	0.0293073494976962
Eukaroyte_NODE_88_length_47378_cov_17.689538	47378	0.49386465549468994	0.0673766900823325
Eukaroyte_NODE_104_length_33662_cov_35.943226	33662	0.38271448016166687	0.10063071228944784
Eukaroyte_NODE_97_length_38203_cov_16.555416	38203	0.7853147387504578	0.02656922728302742
Eukaroyte_NODE_105_length_32224_cov_16.829805	32224	0.5164909958839417	0.05544225394667271
Eukaroyte_NODE_89_length_46864_cov_19.110278	46864	0.5932573080062866	0.0432245637888058
Eukaroyte_NODE_98_length_37791_cov_45.584508	37791	0.7142386436462402	0.031932170103482135
Eukaroyte_NODE_106_length_30968_cov_17.394527	30968	0.20715591311454773	0.14466727094191403
Eukaroyte_NODE_90_length_43775_cov_17.689387	43775	0.8049927353858948	0.0248885867512652
Eukaroyte_NODE_99_length_37258_cov_37.517189	37258	0.6272982358932495	0.03939119268826951
Eukaroyte_NODE_107_length_27617_cov_18.987737	27617	0.8772431015968323	0.019563411133771434
Eukaroyte_NODE_118_length_17330_cov_17.847931	17330	0.5825822353363037	0.044300929073192837
Eukaroyte_NODE_109_length_24254_cov_23.419026	24254	0.5714313983917236	0.045452828763501776
Eukaroyte_NODE_108_length_26303_cov_40.432757	26303	0.5557155609130859	0.047567792129314904
Eukaroyte_NODE_119_length_16954_cov_1253.843719	16954	0.9546132683753967	0.013086335825968728
Eukaroyte_NODE_110_length_22235_cov_37.050721	22235	0.7208986282348633	0.03134677845758743
Eukaroyte_NODE_127_length_12087_cov_24.843501	12087	0.3559954762458801	0.10663569756023869
Eukaroyte_NODE_120_length_16090_cov_88.672654	16090	0.7435088157653809	0.029628370722864266
Eukaroyte_NODE_111_length_21959_cov_36.209322	21959	0.5715711712837219	0.045452828763501776
Eukaroyte_NODE_121_length_15291_cov_20.709176	15291	0.37488502264022827	0.10253795603897575
Eukaroyte_NODE_112_length_20956_cov_17.108751	20956	0.3173487186431885	0.1150955510234912
Eukaroyte_NODE_122_length_15277_cov_33.875378	15277	0.5572431087493896	0.04732230531006874
Eukaroyte_NODE_113_length_20800_cov_38.230321	20800	0.4688572287559509	0.07787597250547625
Eukaroyte_NODE_123_length_14931_cov_53.084902	14931	0.3086038827896118	0.11711609638190196
Eukaroyte_NODE_124_length_14578_cov_20.429457	14578	0.6956066489219666	0.03340509101895914
Eukaroyte_NODE_114_length_19806_cov_22.810896	19806	0.46139174699783325	0.0806329783216255
Eukaroyte_NODE_125_length_14557_cov_20.323955	14557	0.5315701961517334	0.05217539089055065
Eukaroyte_NODE_115_length_19071_cov_40.175799	19071	0.5084166526794434	0.05767051892136869
Eukaroyte_NODE_126_length_12934_cov_17.567668	12934	0.658461332321167	0.036445350857315505
Eukaroyte_NODE_116_length_17806_cov_37.240099	17806	0.6583460569381714	0.03648311806027646
Eukaroyte_NODE_117_length_17514_cov_17.488344	17514	0.5158430933952332	0.05559332275851651
Eukaroyte_NODE_128_length_12042_cov_17.568783	12042	0.46554651856422424	0.07925447541355088
Eukaroyte_NODE_140_length_6788_cov_18.442596	6788	0.6433578133583069	0.03763501775058539
Eukaroyte_NODE_134_length_9102_cov_16.501271	9102	0.24665221571922302	0.13326157564770752
Eukaroyte_NODE_141_length_6611_cov_61.095790	6611	0.5918528437614441	0.04343228340509102
Eukaroyte_NODE_129_length_11526_cov_18.875251	11526	0.623378336429596	0.03974998111639852
Eukaroyte_NODE_135_length_8422_cov_16.826103	8422	0.36678844690322876	0.10440743258554272
Eukaroyte_NODE_142_length_6478_cov_266.232446	6478	0.1561993509531021	0.16239897273207946
Eukaroyte_NODE_130_length_11504_cov_34.433313	11504	0.18642094731330872	0.15167308709117003
Eukaroyte_NODE_136_length_8185_cov_36.407011	8185	0.6580410599708557	0.03652088526323741
Eukaroyte_NODE_143_length_6312_cov_23.863193	6312	0.7586053609848022	0.028797492257723392
Eukaroyte_NODE_131_length_11340_cov_40.354364	11340	0.579369843006134	0.04452753229095853
Eukaroyte_NODE_137_length_7706_cov_38.863286	7706	0.5813180208206177	0.044357579877634265
Eukaroyte_NODE_144_length_5494_cov_18.700864	5494	0.2446098029613495	0.13367701488027797
Eukaroyte_NODE_132_length_11196_cov_20.577058	11196	0.4129062592983246	0.09328499131354331
Eukaroyte_NODE_138_length_7340_cov_29.100618	7340	0.5607914924621582	0.04675579726565451
Eukaroyte_NODE_145_length_5168_cov_25.225112	5168	0.9562299251556396	0.012840849006722561
Eukaroyte_NODE_133_length_11108_cov_1225.883651	11108	0.8597193956375122	0.020847496034443688
Eukaroyte_NODE_139_length_7114_cov_80.505029	7114	0.13860350847244263	0.17016013294055443
Eukaroyte_NODE_146_length_4919_cov_165.272615	4919	0.17392219603061676	0.15578971221391344
Eukaroyte_NODE_147_length_4870_cov_32.853583	4870	0.4929106533527374	0.067754362111942
Eukaroyte_NODE_158_length_2477_cov_34.905450	2477	0.01978139951825142	0.2953206435531385
Eukaroyte_NODE_152_length_3128_cov_41.838920	3128	0.5337769985198975	0.05162776644761689
Eukaroyte_NODE_148_length_4484_cov_2584.963874	4484	0.9999985694885254	0.0004343228340509102
Eukaroyte_NODE_153_length_2987_cov_39.454297	2987	0.24609023332595825	0.13333711005362942
Eukaroyte_NODE_159_length_2333_cov_109.316067	2333	0.854634165763855	0.021187400861092227
Eukaroyte_NODE_149_length_4043_cov_89.289117	4043	0.8346441388130188	0.02258478737064733
Eukaroyte_NODE_154_length_2750_cov_39.347681	2750	0.6274324655532837	0.03939119268826951
Eukaroyte_NODE_160_length_2260_cov_111.202721	2260	0.4475550651550293	0.08418309539995468
Eukaroyte_NODE_150_length_3672_cov_69.175560	3672	0.3447827696800232	0.10888284613641513
Eukaroyte_NODE_155_length_2727_cov_35.000749	2727	0.9783351421356201	0.009517335146159076
Eukaroyte_NODE_161_length_1919_cov_77.533262	1919	0.09284252673387527	0.1940478888133545
Eukaroyte_NODE_151_length_3294_cov_31.270145	3294	0.15772193670272827	0.16166251227434097
Eukaroyte_NODE_156_length_2570_cov_25.913718	2570	0.5722615718841553	0.045339527154618926
Eukaroyte_NODE_164_length_1709_cov_46.610036	1709	0.9986675977706909	0.004059974318301986
Eukaroyte_NODE_162_length_1875_cov_17.626923	1875	0.7122406959533691	0.03208323891532593
Eukaroyte_NODE_157_length_2554_cov_151.211685	2554	0.08031409978866577	0.2033763879447088
Eukaroyte_NODE_165_length_1683_cov_122.695332	1683	0.008460714481770992	0.3555782158773321
Eukaroyte_NODE_163_length_1812_cov_146.121799	1812	0.8513948917388916	0.021432887680338394
Eukaroyte_NODE_170_length_1486_cov_178.160727	1486	0.1348600685596466	0.17180300626935568
Eukaroyte_NODE_166_length_1671_cov_41.024752	1671	0.6553939580917358	0.03669083767656167
Eukaroyte_NODE_176_length_1086_cov_24.477207	1086	0.15641038119792938	0.16224790392023566
Eukaroyte_NODE_171_length_1452_cov_155.084467	1452	0.5472054481506348	0.049229549059596645
Eukaroyte_NODE_167_length_1615_cov_39.812821	1615	0.9331711530685425	0.015257949996223279
Eukaroyte_NODE_177_length_1024_cov_96.047472	1024	0.4491921067237854	0.08371100536294282
Eukaroyte_NODE_172_length_1441_cov_25.279221	1441	0.0003137413877993822	0.5878276304856862
Eukaroyte_NODE_168_length_1608_cov_17.948487	1608	0.9288748502731323	0.015673389228793716
Eukaroyte_NODE_173_length_1317_cov_23.732171	1317	0.31524696946144104	0.11543545585013974
Eukaroyte_NODE_169_length_1552_cov_46.818303	1552	0.027090080082416534	0.27468086713497997
Eukaroyte_NODE_174_length_1290_cov_197.672874	1290	0.373306006193161	0.1028778608656243
Eukaroyte_NODE_178_length_973_cov_38.535948	973	0.581646203994751	0.09914579766317334
Eukaroyte_NODE_175_length_1186_cov_53.481874	1186	0.9484204649925232	0.013841679885187703
Eukaroyte_NODE_179_length_939_cov_163.152715	939	0.7633514404296875	0.05580537733541553
Eukaroyte_NODE_182_length_772_cov_22.856346	772	0.2879767119884491	0.25882895256731075
Eukaroyte_NODE_183_length_753_cov_185.070201	753	0.8054649829864502	0.04773372970328699
Eukaroyte_NODE_188_length_634_cov_90.991364	634	0.005827282089740038	0.7103332141714802
Eukaroyte_NODE_180_length_937_cov_159.276644	937	0.9339702129364014	0.023387081600782705
Eukaroyte_NODE_184_length_745_cov_16.172464	745	0.23081094026565552	0.29428587555739527
Eukaroyte_NODE_181_length_779_cov_30.519337	779	0.9999975562095642	8.466763250484487e-05
Eukaroyte_NODE_189_length_611_cov_32.001799	611	0.5035640597343445	0.13392537959321907
Eukaroyte_NODE_185_length_742_cov_73.011645	742	0.5827645063400269	0.0987506820448174
Eukaroyte_NODE_194_length_514_cov_215.368192	514	0.6779449582099915	0.07316224199890872
Eukaroyte_NODE_190_length_582_cov_68.973435	582	0.5692546963691711	0.10376488739204877
Eukaroyte_NODE_186_length_740_cov_39.813139	740	0.16614887118339539	0.34264050123238443
Eukaroyte_NODE_191_length_565_cov_18.429412	565	0.8156467080116272	0.04576755912623003
Eukaroyte_NODE_195_length_508_cov_2440.384106	508	0.998404324054718	0.0029257370787785283
Eukaroyte_NODE_192_length_552_cov_23.064386	552	0.426089882850647	0.18447195619861145
Eukaroyte_NODE_187_length_721_cov_31.905405	721	0.3195347189903259	0.2412274925210258
Eukaroyte_NODE_193_length_540_cov_37.657732	540	0.4837596118450165	0.14997459971024854
